6 7 1
6 3 1
18 4 2
8 15 3
9 15 2
22 8 2
10 12 2
19 16 2
11 20 3
9 13 3
19 3 2
17 20 2
20 5 2
6 4 1
26 6 2
22 18 2
9 14 3
10 15 2
23 6 2
19 22 2
19 20 2
8 14 3
10 14 2
13 12 2
19 8 2
16 15 2
17 14 2
18 10 2
11 3 1
4 4 1
21 3 2
4 19 3
22 19 2
19 18 2
14 20 2
18 6 2
21 18 2
20 6 2
24 4 2
19 15 2
22 4 2
10 13 2
3 6 1
20 15 2
3 4 1
8 16 3
14 6 2
21 23 2
20 17 2
16 18 2
19 14 2
17 16 2
21 7 2
22 16 2
22 15 2
19 11 2
21 8 2
20 4 2
7 13 3
14 15 2
22 10 2
2 5 1
18 13 2
18 23 2
19 6 2
15 22 2
18 18 2
8 8 1
11 4 1
21 20 2
5 18 3
