166 4103 8715
4103 8715
166 3704 6568 8375 8715
166 9406

2404 5954 6282
2404 5954 6282
2404 3203

5132 9446
316 5132 6889 7594
5132 7494

7182 8985
3710 4652 5069 8985
5069 7182 9803
411 5069 6258 9803

649 1264 2181 6268
2181 5127 5447 5493 7208
1264 1642 5264 5447 5493 6268
1264 5127 5264 6201 6268

6549 7160 8480
6549 7160 8480
8220 8480

4681 5112 8117
5112 6549 7165 8117
5112 7165 8117 9694
4681 5184 7165 9694
5112 8117

2701 8007
815 3638 5419
2701 3638
552 4811 5419
815
552 815 4132 4811 5419
830 2701 3638 5419
552 3278 4132 4811

316 3390 7594 8261 8447
731 3203
3203 6273
316 514 2681 5804 7594
1390 3390 5804
731 1782 3203 6273
316 3203 3390 5804 6515 7594 9874

2695
5060 9013

3291 5876
4443 5876
880 6221
4443 5876

54 5256
54 5256 7998 8119
5256 7998

5086 7125
1973 5638 7125
1973 5638
3160 6182 7125
3557 7125

806 5964
411 1808 5964 5999 7056 8658
411 806 5964 5999

411 513 1215 5999 9018 9406
513 1312 9018
1215 1312 9402 9406
1147 1215 4859 9402 9406
411 1215 5999 9406
513 1215 1312 9402 9406
411 5999 9018

3712
312 3419 5304

137
411

6212 7085
6280

1168 1924
5889 7453
1168 1347 1924 7453
1347 1924 5889 7453
1924 5889 7453

8666
5435 8666
5435 8666
5435 8666
5435 8666

2062
2062
2062
2062

97 8752
7924 8752

137 2701 6374
137 2701 3189 9389
137 360 2701 3217

1633

4423 5529 6431 6842
4423 5529 6431 6634
2659 4423 5529 6431 9608
2659 5529 5548 7931
2505 2659 6842 9608

7158
7158

1552 1986 2662 2846 7992 8920
1552 1986 2439 2662 2846 7992
2846 4297 5101 7992 9303
1552 4297 4991
1552 2846 4297 7992 8920 9303

8119
8119
8119

5983
7709 9100
9100
9100
4000 5983

1011 2227
8581
1011 2227 5044
2227
5044 6439 8262
1011 2227 5044
5044 8262 8581

258 1026 8375
258 1026 8375
258 1026 8375
258 1026 8375
258 1026 8375

6855
6855
652 6855

3706 4970 9401
3706 4970 9401
3706 4970 9401

3957 4920
4920
4046 4920

5584
8583
8583
8583

2732 4870
2732 9691
2732 4870 9028
2732 4870 9028

2941 8722
2196 9229
3753
691 2941 8722
3616 9786
2941 8722
3753

4870 5983
4870 9100
4870 9100

1679 3617 3753 8885
1679 3617 3753 8537 8640
2152 3161 3617 3753 4742
1679 2152 3753 4742

1641 2136 8316
1641 2136 8316
5274 7777 8165
5274 7777 8165 8316

800 3186 6602
800 2300 6602
2300 2752
2300 6602 7731
2300 4221 5026 7807
2300 2454 7731 8461
800

3600 4649 6257 9446
3600 4649 9446
3600 4649 6257 9446

3471 3770
520 3471
520 3471 4463 5853
520 3923 6925 9908
520 3471 3770 3923 6925 9908
3471 3770 4463 9892
3770

1667 5166
823
823 1667 5166
823 1667

3356 3923 5251
3906 3923 5040
1319 5040 8617
3356 3906 5040
3356
3356 3923 5040 8853
1319 2380 4046
1319 5040 8617
2055 3356 5040 5251 8853

8889
8889

1922 2441 8495

2046 2528 5756 6173 7467 8974 9749
6173 8974 9900
2439 8974 9900
4634 7317 8974 9900
2528 8459 9900
2361 2528 6173 8459 9900
322 2361 4452 6173 7608 9900 9994
7317 8974 9900

1946 4683
1946 4683
1946 4683

4013 5672 6071 7463
4013
3905 4013 5672 6071 7463
4013
3905

5447 5493 5599
5599
6658
5447 5599

2059
2059
2059
2059
2059

2704
8638

6325

34 91 1537 6422 7549 8073 9228 9804
91 2952 7549 9228 9804
34 91 2595 2952 5117 8073 9348 9804
6647 7549 8073
91 842 7549 9804
91 842 6422 8073 9228 9804

3894 9390
3894 8947 9160 9390
2429 5189 9390 9462

2153 6721

989 7164
989 7164

1160 2399

4616
4616
4616
4616

9327
7728 9327
7728 9327

4468 5990 7562
7562
8774

598 855 1068 5811 6205
598
598 855 1068 5811 6205

78 1110
78 1110

8601
8601
4212 8601

1843
4821 9303
4821 9303

4046

5552 6823
5552 6823

7267 7573 9335
3439 7573 9702
6954 7267 8495
5729 7267 7573

727 7731
125 3810
125 727 9205
125 4384 4709 8576
125 727 4384 4709 5026 8576
125 7049

4634 7165 8117 9867
4634 5874 5889 8117 9383
1960 4634 5889 7165 8117

1382 9256
5591 9256
5591 9256

9939
2949

2132 6781 9477 9864
2132 6781 9477 9864
2132 6781 9477 9864

4127 9285
4127 9285

440
440
440
440

5394
3152

4953
4953

1808 7056
1808 7056
1808 7056

9114
9114

2433 5983
2433 9100
2433
2433 9100

2704 9328
9328
9328

8119

4688
1481 4688
1481

3816 5876
5672 5876 6071 7463
880 3816 6221

3377 7532
3377 7532

3343 3451 9829
1862 3343 3451 9829

1527 4991 6255
1527 2777 4991 6255 6431
1527 2777 4991 6255 6431
1527 4991 6255 6431

1215 1599 9406
1599 9236

7074
7074
7074

8354
212 8354
8354
212 8354

832 4463
832
832 4463 9670
832 4463
231 832 4463
8602
832 4463

2112 3759 4518 8117
3305 8117 9955
441 3305 5352 8069
441 3305 5899 8069 8117
441 3637 5352 5899
2094 3305 3759 5352
3305 3759 8117

4239
54 8916
54 4239
8916
54

4830 6692
4196 6692
4830 9075

3333 7775
7775 8160
7775 8160
7775 8160

3713
8514
8514

2701 4132 5513
2701
2701
4132 5513
2701
2701
2701 2973

6082
6082
6082
1582 2591 3355
1582

8553
1011 1836 9607
1011 1836
8553

3662 7568 8769
7568 8769
1109
3662

1964
1964
1964
1964

215
215

360 5465
78 1110 3214
78 1110 9661
3214 4317 9661
78 360 1110
360 2354 5465
78 1110 5652

1118 5025
5025
1118
1118 5025

7615
7615
7615
7615

4600
1900 6067
4600
755

2227 2415 3578 4244 6808
2227 7901
2227 2415 3578 4244 6808
6690

3163 4463 5059
4463 8652
4463
3163 5059
4649 9446

3428
3428
3428
3428

1844 2505 8888
1844 2505 8888 9993
1844 2505 8888 9993

5809
5809 6812
5809 6812
419 5809 6812

5447 5493
5447 5493
5447 5493
5447 5493
5447 5493

1109
1590 3858 6255
7029 8109
1221 8109
3858 6255 7029
1221 3858 6255 7029

8117
3706 4970
1834 3706 4970
9412
3706 4970
3706 4970
3706 4970
3706 4970 8117

9061
1771
2946 6570
1771
9075

2438 3071
3071 5613

3144 6356
6569
3144 6356
3144 6356 6569
3144 6356
6569 9294
3144 6356

5613 7423
5613 7423
1927 9074

7278 7562
5284 7775 7857 8208
5284 7775 7857 8208
5284 7857 8495
5284 7278 7857

3816 9285 9664
9285
9285 9664
3816 9285
9285

2701
2701

2125 2380 7968
2380 3258 8580
7968 8714 9412
3046 7968
7968 8714 9412

713 4317
4317
3547 4317

9521
1824 4959

5033
7727
7727

9140
2878
9140
3923

34 2393 8516
887 2393 3865 5044 7747
2711 5044 5057 5148 7747
5044 5640
5044 5640 7889
5044 5640 7747

393 4953 7548 7656
3168 8106
1342 3168 4953 6818
3168 7656 7718

5044 5152 8754 8974
5044 5152 8754 8974
852 5044 5152 8754
8974

7824
5983
7824
7824
5983 7824
5325 5858 7824

312 9023
312 6549 7160
312 9023
6549 8436

659 9241

2138 3753
274 6571 9882
6273 8410
2681

274 6571
274 6571

2521 5132
4735 7544 8036
2521 5132

6994
6994
745
745
784

4127 9285

5876

2125

1141 1215 1336 9406
1141 1336
1141 1215 1336 9406
306 1141
1141 1336
1141 1336

8152
8152

508 610 1738
1738 4567 9314
1738
37

3396 9270
3396 9270

955
1550 1686 2019 4778 7747
8029
8029

7088 8119 9126
6849
685 5563

26
26
26 2370

8381
8381

1402 4188
4001 5663 8117
1402 4188 5663
1402 1807 4188 5184 6312
5663 8117

3923 8443
8443
8443
2685 8443

3616
2941 8722
3616
2941 8722

8152
8152
8152

137 955
2380 7747
3923
137 440 1183
440 2380 7747

197 7775 8208
664 7348 7775 8208
7775 8208 8660

1026 3784
1026 8601
9713
3784 6569 9713
1026 3739
1026 3784 9713

719 7285

9298
2846 3294
2846 4658 9298
2625 2846 9505
2846 3294

2196 9229
1594 8472

1767
2900 2929
8409
2900 4132 5513 9852

6025 7051 8042
4688 6025 7051 7125 7278 8042
3302 4688 8042
4688 5918 5943 7278 8042

122 3844
122 287 3844 8414
122 3844
122 2385

4965
4965
4965

3816
7782
3816 7782
7782 7907
7782

89 5522 6221
89 5522 6221
5522 6221

4438
416 4438 6348
416 3301 4438
416
416 4438 6071

7958
7958
9061
2685

8152 8447
8152

5145 6440 6533 8309

4317 6257 7282
4317 6257 7282

5145 5210 6440 6533 7229 8309 9174
5391 7229 9174
1084 5145 5394 6440 6533 8309
5391 9174
1084 5394 7229
5145 6440 6533 7778 8309 9114 9174
1084 5394 9174
9174

2652 8969
2652 7466 8969
287 362 8414
287 362 2294 2652 8414 8969
2294
362 2652 7466 8969

691 8090
691
691
691

360 367 1393 2058 3471 5092 7187
3471 7619 7749 8646
3753 4444 4552 5253 6207 7187
360 2058 5253 6207 9892
367 2058 2652 8969
360 2058 3753 4444 5253 6207
2058 7187
4383 4444 8100 8709
1107 1393 4331 5092 9402

2023
2023
3816
3816

7049 8347
8542
8347 8542
4193
5216 8542
8542
283 4193
6194 7304 8542

567
567

5599 7248
2652 7248 8969
2652 5599 8969 9661
2652 6658 7248 7706 8969
2652 7248
2652 7041 7248 8969 9529 9661

5889
4649 9446
4649 9446
5889

360 5762 7019
360 5762 7019
360 5762 7019

2534 3522
1074
2534
1448 6499 8455
6499

1290
1290 5517
1290 5517
1290 5517
1290 5517

723 2867 8433
1808 2867 7056 8433
8433

2226 9348
8412
2634 5640
9348

1550 4778
1550 4778
1550 4778
1550 4778
1550 4778

5954 6282
5954 6282
3203

3826 6335 7782
42 7782
42 7782

7133
169 6818
934
6818

433
433
433
433

873 7550
873 7550
873 7550

137
722 1336 1668 3235
692 1336 1668
722 1336 1668
137 692 1668

8348
8348
2434

2240 7125
2240 7125
2240 7125

1679
2046
1109 5197 9254

4991
8660 9990
1633 8710
1787 2652
4459

7029
7029
7029
7029

411 606 6380
411 7112
1141 9684
6628 7158

1503 2722
1503 2722

6580 7164 8117
3516 6409 6419 8117 8595 9373
1337 5184 6409 6419 6934 8595
1337 3516 6409 6419 8117 9373
1337 8117 9373

70
70 3258 5391 8580
70 3258 8580
70 3258 8580 9143
4414 5391

360 1496 5132 5469 7889
1496 3214 5132
1496 5132 5652
1496 3214 5132 8920
360 1496 5101 5132
360
5652

1686

1290 4733 8481 8974 9477
1290 4733 8974
2882 4733 8481 8974 9477

9440
5391
7876
7876

8544
3994 4213 8184

2701 9804
2701 9804

3753 4410 8581
3753
4383
9996

2058
2058

5552
5552
5552
5552

703 6553
703 6553
703 6553

1880 2574 4414
1348 5774
1880 4414
1880 4414
1880 4414
2894
1880 4414

3210 3683 5622
606 3210 7473 7924 8117 8391
3210
3210 3683 5622 7473 8391
606 7473 8117 8391
407 5179 8117

6842
7931
6842 7473 8391
7473 8391
6842

2429 3041 4752 9087 9256
8544 9087 9256
2247 3041 4752
6678 9256
3041 3994 4213 4752 8184 9087
3041 4752 9256

6234 8777
1566 3488
822 1566 3488 8754

3396
3396
3396
3396
3396

7728 9327

9082
9082
9082
8652 9082

362 692
5640 5841 6309
692 2959 5640 5841
1403 5394 5640
362 2959 5841

2153 4633 6721 8354
7008 8354
4633 8354
3391
2153 3391 4633 6721 8354

4735 7544 8036

137 6532
6532

2226
2226

9643
1964 9643
9643
1964 9643

9328
5015 9328 9693
9328

9298 9971
9298 9971
9298 9971
9298 9971
9298 9971

1719 7088 8119 8985 9126
6849 7088 9126
685 1719 7088 8985 9126

3294 7133 8829
1715 2336 2813 3294 7285
1715 2336 2813 3294 7133 7285
1715 2336 3294 7133

2698
2698 7032
2698

2224 3485 7001

2924 3046 7820
2701 3046 3294 3660 7820
2701 3046 4658 9852
2924 3046
2625 2701 3046 9505
2701 2924 3046

598 3339 4300 7790 9303
598 3339 5069 7790 9303
598 4991 5069 7790
598 5069 7790 8660 9303

362 6194
362

8261

1118 5323
3759 6602
4035
932 4035
1118 4035
3759 4035 4565
4221
1118 3759

3304 3858 6255
3304 8796
3304 8796
3304 8796

3308 5343 7931
3308 5343 7931

2153 4236 4646 6422
3284 4646 6422
4236 4646 6422 7311
3565 4236 8715

7248
8032
5352
7248 8032
9990

6994
6994

7521
7521
7521
2120 7521
2120
7521

2183

2380 4851 5517 9973
2380 5517
4804 5517 9412
5517 9412

8152 9803
7680 8152
7680 8152 9803
8152 9803

1769 8006 8042
8042
1769 8006 8042

2097
2977
3689 7644 8975
295 5404
5404

6212 7085
6280

7881 8545
3923 6925 8545 9908

8660

3712
312 3419 5304
3569 7942

8412 9682
8412 9682
8412 9682

8881
8881
8881
8881
8881

360 3217 3900
1648
2380
360 3217

2438
5613 7161
414
2438 9373

1141 6411
1141 4621
759 1141 4405

2023
2023
2023 8811
2023
8811
8811

4081 8152
4081 6234 8152

419
3906
3906

6754
3910
6754

2752
2752
2752
2752

6127 6337 6808 8700
11 6337

9072
2132 6781 9864

2101 3219 9328
2101 3219 9328
9328

1492 7817 8152
1492 4120 8152
1492 8152
2227 2959 6818
1492 6818 8152
1492 4120 8152

37 6569
4567 6569 9314

3308 4946 5343 7931
72 5343 7931
3308 5343 5903 7931 9059

659 1974 3704 6568 7411 8630 9241
3704 5083 5280 5591 8069
659 9241
659 5529 9241
1974 2646 5280 5529 5591 6146 8285
659 3060 5280 5529 7411 8630 9241 9377
2646 2751 3060 5083 6146 6654

8219
5069
8219

1141 4429 5112
5112
5112
2740 5112 9303

197 1426
1426 4131 7278 7348
1426 4131 7278 8660
1426 4131

2941 8722
8744

1312 4991 8888
8888 9990
1312 9990
54 8888
1312 8888

1270 2971
2971 6756
2971 6914
2971 6914
5050 7290

1733
1733 2138
1733 2138

928 2325
928
2325 6052 6777
2325

147 5408
147 5391 5408
147 5391 5408

7961
5271
6862
2772

722 4317 4505
2248 6149 6212 6624 7085
722 4505
4317 6149 6280 6624 7538 7706
2666 6149 6624
4317 6280 7041 9529

9804
8412

4348 9285 9933
42 9285 9933
7413 9933

419 8032
419 8032
419 9990
2927 8616

1641
6809
6809

37 356 3043
356 3043 4567 7949 9314
37 2885 6122

3067 4633 7824
3067 4633 7824
3067 4633 7824
4633 7824 9018
3301 4633 7824 9018
3067 4633 9018

7731 9888
5026 9888

3816 8617 8728 9568
9568 9703
2179 9568 9804
3816 8617 9568

5086 5132 9402
5132 5638 9402

664 2306
122 664 2062 9608
664
664 2062
2734

6185 8542
6185 6580 7164 8542
6185 6934
6185

416

34
34
34

3100

41
41
41

3396 8073 9568
2204 3923 7849 8073
3396 8073 9568
7849 8073 9568
3923 7849 8073 9568

4041
4041
4041

2685 5552 6747 9682
5552 7658
2539 5552 6747 9682
2539 5552
2685 5552 6747 9682

1527 4991 6255

46 5245
46
46
799 5405
46 5245

590 6374 9766
2894 9766
360 590 3217 9766

137 6422
137 6422
137 1168
137 1168 6422

287 474 4103 8414
287 1580 8126 8414 9341
287 474 4103 8414
474
474
474 8375 8505
8505 9406

5069
5069
5069
5069
5069

6439 8262

2924 6110 9266 9670
2924 4633 6110
598 4633 9266
231 598 4633 4776
2345 4633 4776 5961 8602
1959 2924 4520 4633
598 2924 6110 8558
3378 7824 9266
2924 4574 4633 7824

7901
2415 3578 6808

5044
5044

4851 9973
4851 9973

4962 6352 8300
4962 8300

552 4811
552 4811
552 4811
552 4811

1599
1599

1503 2722 8271
5517
8271
719 1503 2722 5517
1503 2722
719 5517
1503 2722
5517 8271

2227 6754
2227 6754 9608
6754 9608
6754

8032
8032
9990

2971 5280
2971 5280 9594
2971 5280
3594
2971 5527 6654

3458
3458
3458

2539 7765
8974 9083
8974 9083
245 2539
8974 9083

2023
2023

2952 3826 6335
2952
2952
2333
3826 6335
3826 6335

3704 6568
1679 3704 6568
1679
1679

343 5132 5663 7656
343 5132
343 2695 5132 5663 7656 7777
343 5132 7777
343 5132 7215
343 4162 5132 7656 9330

2662 4953 6337 8885
2662 5240 8640
4742 5240 9303
2695 4742 4953 6337
5240 5465 9303
4991 5240 5465

1763 8802
1763 8802
8802
1763 8802

5527
713 8119
1264 6156
2574 8119
2179 4640
2574
2574 3518 7597
1312 3518

3607
1566 3488 3607
3607

4688
7192
4688 7192

5419 6735 7624
2536 5391 7180
3942 9643
7180 7624 9643
9643 9789
2536 4444 9643

8544

1387
1387 6569
8408
1387 2695 6569
1387 9922
6569 8408

7030

5466
3378 5466
5466
5919
6569

411 1160 2399 9922
2131 4552 4554 9922
2325 4554 5439 9367
2325 4268 6082 8709 9205
411 2325 3245 5352 9344
2325 3245 4554 5911 9344
1160 2325 2399 4268 5439 5911 6082
411 1348 3245 3817 4554 4938 5911 9344

904
904 5391
5391
904
904

2114
2114

3210 8617
3210 8617
3210 8617
3210 8617
3210 8617

3783 7979
3038
5753 8728 9474 9994
8728 9924

1566 3488
9661
2701
1566 2701 3488 9661
2701

713 9028
8073
8073
1254 1264 3622 6156 9028
9028
536 949 5751
1074 8073

1884 5351
1884 5351

6549 7160
6549 7160

9874
4208
2591
4786 6115 9358

6855 7992
4552 6855
4552 6855
4786 6855 7992
6855 7992

7088 9126

6607

5127 9924
5127 9924
5127 9924
5127 9924

1503 2722
1503 2722

3258 3638 5139 5868 8580
3638 5139 5868 9410
5139 6945
6945 9410
5139 6415 6945 9410

3573 7910
3573 7910
3573 7910
3573 7910

3335 7181
3335
7181
3335 7181

2539 3335 3819 4686 7248
2539 3335 7248
2539 3819 4686 7248
1069 2539 7248
3819 4686 7248

5508 5953
306 5508 5953
306 5508 5953

1199

999
8376

2701
2701

1457 5548
5253 6207
1457 7181
1457 1653 3030

4028 5674
4028 5674

649 2389
2389 5264
5264 8775

6818 8611
8771 9401
4735 8611 9401
9401
8611 8771

1880 9834
6955

3339 4300
3339 4300
8660
1986 8660
2657
1986 8660

4203 5331 8982
5331 8982
4203

1290

7961

1501 9328
1501 9328
1501 9328
1501 9328

1769 8006
1769 8006
1769 8006
1769 8006

8974

723 2867
723 2867
443 3403
443 2600 3403

2152 6093 8219 9804
893 1383 8029 8412
2152 2505 3258 8219 8580 9804
2505 3258 5069 8580
1807 2152 2505 6312 9804
2152 8219

5351

1337 1457 8347
1337
1337 8347
2786
1011
1011 2786
1011
1337 2786

1205 5686 6355 8429 8999
5686 6355 7278 8999
5686 6355 7278 8999 9888
3243 6355
3243 4552 7278 8671 9888
89 514 9888
89 2768 4552 6355 9888

147 2976 5408 5435
147 2976 5408 5435

9205
9401
4960
9205

274 6571
274 6571 7470
274 6571
274 6571

5602 6692 7009
5602 6692 7009
5602 6692 7009
4179

2591 3355 3528 4597 4998 8167
3060 3338 3528 4998
3338 8167
4998
3338 3528 4998 8167
2984 4597 4998

2152 4292
2152 4292
4292 7738
2152 4705 8275
4292 4357

1039
6340 8897
7275 9737
1347 4563 6006

4609
4609
4609
7018
4609

215
215

5112 8558
8128 8558
8128 8558
5112 8128
5112

3701
3701 3906
3701
2447

419 7181 7992
3460 3712 7181 7267 7992
419 7267 7992

9401
3060 5086 9401
9401

830 6246 8474
830 1738
1738 6246 8474
6246 8474

717 4979 8119 9202
287 717 8119 8414 9202
287 4979 8119 8414

8932
137 6921
6921
6921
6921
8932
6921 7470

316 5352 5616 5859 6871 9630
316 3485 6871 7573 9630
2090 5616 5859 6871 7573
3485 5352 5616
316 7573 9101 9630
316 5616 7573 9101 9630

295 1501 6374 8974
295 1501 5899
1501 8141
6188 8141 8974
360 3217 8974
1501 5132 8974
1903 3385
1501 8974

1026 9097
1026 9097
1026
1026 9097
1026

7211 8007
3638 7211

2570
2570
2570
2570

8229
8229

2438 4292
414
2438
5287 7317

6093
893 1383 8029

3923
3923

9018
258 1680 8375
258 8375 9018

3471
2625 3471 4681
3471 8974
3471 8974
3471 8974

5245 7232 7880
1251 7785
7232 7880

1337 4911
1337 4911

1290 5893
1290 5893

4447 9503
4447 9503
4447 9503
3220 9106

7968 8714

5344 7881 8715
5344 6212 6355
5344
4154 6355
6872 8715
6355 7881
97 2862

2924 9816
2924 8987
2924 5044

5493 8932
5493 6921

1536 2277
9274
2625 4349 4933 6303
4349

2433
2433
2433
2433
2433

7958
7958
9061
2685

162 7133
162 169
169 4856
934 4856

494 4103
4103
494 8375
1281
494 9406

5663
5663
4162 9330
4162 9330

3662
3662
3662

2591 3355 5318
2591 3355
2591 3355
3355
2591 3355
2591 3355

24 2136 9396
24
24 2136 9396
24

2701 7998
419
2701
2701 7998

125 3923 6925 9908
2758 9285

3283 6842
3283

6280 7731
2666 5026
6280 7731

2752 3518
2317 2752
2752 3518
2752 4521
2752
115

8152
8152
8152

7282 7859 7992
3482 4158 7187 7992
2325 3482 4158 7992

2752 3565 7191 7624 8406
2752 4786 5158
7624
3077 3565 4786 5158
3565 4786 7191 8144

9401
215
215 4960
215 928
215 2625

4979 5031

1667 3060
1667 3060
1667 3060
3060 7032
659 1667 9241
659 1667 7032 9241

2715 8974
2715 8974

1613 4600 6549 7160
6337 6549 7160
1613 4600 8220

3126 5785 9935
183 3617 4222 4436
183 4222 4436
183 4222 4436
3617 8194
183 4222 4436 8194

6340
6340

414

7731
1868

3753 5312 8348 9939
3753 8348
783 4383
5850 7087
4331 5850 7087 8348 9402
4383 5312 9939

215 6340
6340
410 1114 5664 9737 9777
1114 1808 7008 7056
215 410 1114 5664
215
215 3391 6006 8505 9777
3391 5556 9087
215 9777
1114 4449 4634 5556 9087

474
474
474
474
474
474

414

5841

1408 5132 8481
1408 5132 8481
1408 5132
5132
1408 5132 8481

5135 8348
54 5135 8348
54 2434

1880 6162 9834
1880 9834

2363 4552
1032 6298
4552 5419 6735
5419 6735

2924 6609 9285
5626 9285
2924 9285 9939
2924 5145 6440 6533 8309 8339 9285
2924 5145 6440 6533 8309 9285

3529 6143 9529
2924 3529 4772 6143 9184 9529
2924 9184
4772 6173
2924 3529 4772 6143 6173 9184 9529
2924 6173 9184

5893
5893 8109
3060 8109
5893 8109

3740 4786 5419
3740 4786 5419
3740 4786 5419

306
306 7088 9126
7088 9126

2114

5284 7857

9908

1930 3710 8109
9134
1930 2433
2433 9134
3258 8580 9134
2433 3258 3710 8109 8580 9134
2433 6194
5216
5216 9134

3923
3923

2958
2958

9174
9174

3428 3528 4688
740 2570 9704
2570 3245 9344
3245 9344
3245 3770 4688 8109 9344 9704
4688
740 2570 3428 3528
4177

6754
6754
3260 6754
5139
3260 5139
6754 7742 8713
7742 7777 8713
7742 8713

1594 7282
1594 7282
1594 9912
2598 7282 9912
7282

1114 3816
1114 9567

9659
9635
4554
6715

5487 8480
5487 8480
1117 8480
1117 8480

893 1383 1536 2277 8029
8617
7949 9274
2179 4349
7949
6808 8617

8619
8619
8619

1594 9402
1594 2345 3084
1594
999 1594 8558
3084 3704 8206

8069 8777
8285 8777 9661
8069 9661 9697

3701
2091 4313
3701 8671 8855
2447 8671

1680 3210 7807
1680 2924 3210 8545
3210
2924 3210 7807
2813 3210 7285

2571 8889
2571 2784 6701
914 2571 2856 8889
914 2856 6701

1026 1771 2752
1026
1026 1771 2752
1026 2752

7562
499 7562
7562

5303 7088 9126
4203 5303 7088 9126
3496 4203 5303
215 5303 7088 9126
215 4203 7088 9126

212 6818
212 2294
212 6818
212 2294 6818
212 2294

419 3638 5868 9694
740 9694
9694
740
740
8752

8829
8412 9682

7549
7549
7549
3683 5622 7549
7549

41 1738
41 9516
41 5480
4735 5480 7544 8036
1738 7600
403 1738 7624

772 3073 4455 7718
772 1434 3073 7718
772 3073 9789
772 3073 7718
1434 5890 7718

7427
7427 7573 9594
7573

4420 5639
4420 5639
4420 5639
4420 5639

1599 2020 4208 5268
24 1599
4065 4577 5373
2020 4208 5373
4065 4577 6872

4056
4056
4056

7458 8095 8885
2433 8640
2433
4742 7458 8095

5477 6715 8801
6715 8801
5477 6715 8801
5477

3528 7992
3528 7992

4649 9446
4649 9446

800 1322
800 1322
800 1322
1322 3161
800 3161
3161

1973 4335 8974
4335 6890
6890 8974
1973 3569 4335 8974 9151

5552 6502
5552 6502
5552 6502
5552 6502

2136 9396
2136 9396
2136 9396
2136 9396

287 6842 8032 8414
287 411 5999 7931 8032 8414
411 1641 5999 6842 8032

7825 9228 9377
402 2456 7825 9377
7825 9377
402 2456 7825 9377
7825 9377

3060 6835
4460 6835 8775
3060 6835
3060 6835
4460 6835 8775

283 2685
1968 8582
1580 8582

3816

2488
2488

7125

4361 7385

3528 6173 7924
3245 3528 6173 6710 9344
3528 6710 8495
3245 6173 6710 7924 9344

2226 6754
6754

800 2138 2210 4728 6110
685 1748 2752 4728 5447 5493
1957 2138 3745 4728 6110
1957 4728
1957 2138 5402 5419 6110 6735
800 2752 5447 5493 7180 9900
739 800 2752
1957 2752 8878 9849 9900
2752 4728 5507 7180 9900
800 1957 4728 5419 5447 5493 6735 9087
941 1957 2210 4728 6110 9900
42 719 800 2752 4226 6110

2752 5377
1137 2752

2901 9780
419
1807 2901 6312
4001 9780
419 2901 4001 9780
2901
9780

7029
7029
7029

3753
3753

7248
7248
7248
7248
7248
7248
7248

1946 4683 9298 9939 9971
9298 9971
9298 9971
9298 9971
5312 9298 9939 9971

7968 8714
8348
8348
8348
8348

32 360 909 4444 9643
360 4444 8078 8482 9643
3067 8078 8482 8534
2574 3067 4444 6422
32 360 2574 8534 9643
32 3301 9643
32 360 3067 6422 9087 9643

3994 4991 8117
2977 3453 4991 8117 8575
3453 4991 8117 8575
4991 5184 7013

8078 8482

419
419
419
8616

3339 7562

4087 7034
815
4509 5168 6845

2901
2901 5613
414 2901
306 2438

2226 5256
5256
5256

8443
8443
8443

1026 4348
42 6616
1026
1026 7413
1026

1141 2878 4160 4540 5528
2878 4540 5528 5591
1141 2878 4160 5591
1141 2878 4160 5591

258 642 2138 9401
9401 9882
258 642 6273 9401
514 642 2681

6791 8385
3062 5685 6194 6751 9372

2325
2325 9263
2325 4733
2325 3080

5663
5663

8339
8339
8339
8339

1946 4683

8777
7516

2885
2885
2885
2885

7881 9874
3923 6925 9874 9908
7881 9440 9874
9874

8288 8480
8288 8480
8480 8829
8288 8480

2227 2385 4103 8138

3496
3496
2976 3496 3638
2977

3844
3844

3600 8802 9174 9273 9643
3600 8802 9174 9273 9643
3600 8802 9643
2385 8802
3600 8802 9174 9273 9643

4728 9390
4728 8073 9390
4728 5274 8073 9390
4728 8073

815 4444 7562
7562
815 1862 7562
815 1862 7562
1862 4444
3061 4444 7562
4444 5469 7923

2701 5338 6690 8829
2701 5338 6690
2701 5338 6690 8829
3177

5161 8496
6610 8412 9682
6610
5161 8496 9322

125 4103 8094
125 4103 8094

8752
8752

8974
8974

3816 5378
3816 5378
3816 5378
3816 5378
3816 5378

3942 6479 9245
3942 6479 9245
3942 6479 9245
3942

777 5189
777 1215 9406
777 5189 9236

1909 5641
1909 5641
1909 5641

515 2138
515 2138
515 2138 3071
515 1074 2813 7285

1992 8331
1992 8331
1992 8331

5089

3826 6335 6683
1964 3539
3539
42 6683
42 6683

914 2856
914 2856

7968 8714 9766
7968 8714
4013 7968 8714 9766
4013

6479 9245
6479 9245
3612 6479 9245

5584
5584
5584
5584

37 1393 5092 7496 8553
4567 9314
37 9607
37 2501 7496 8553
37 1393 5092

6818
9190
6818
9190

6637
2870 9096
2882 6637 9096
6479 9390

97 3569 9151
97 792
97

5040 7346
5040
5040 7346
4429 5040 7306
5040
3258 8580
2107 5040
2455 4429

1129
1129

4742
4742

3816
3816
3816

1974 9018
1974 9018
115 4317
115 2354
115 9018
9925

2745 8698
2669
3197 9434
1884 3197 5351
416 1993
1667 1884 5351
3197 5958

6245 7864 8339
2701 3239 4786
2701 3239 7864
2701 4786 7864 8005

8060 9960
8060 9960

70 659 3826 6335 9241
42 91 258 403 1667 3712 9997
42 70 91 312 3419 5304
42 70 91 1667 9997
70 91 258 907

125 2866 8094
2136
2136 6533
2866 6533

5663

723 2867
2695 6610
6610
723 2695 2867
1964
723 1964 2867

847 4621 6411
847 4621 6411
759 4405
6610
847 4621 5161 6411 8496
847 4621 6411

7181
9061

2952 4317 5084 7278 9150 9910
1986 2020 2952 4208 5084 8412
4021 5084 7278 9150 9910
2020 2952 4208 4317 5084
2020 4208 4317 5084 7278
2952 4021 8412 9682

7876
6422 7876
1069 2245 3464 6422
2245 3464 6422
2245 3464 6025

1256 1403 5983
4212 5344 8601 9100
702 1403 5344 8495 9100
1403 2125 5344 6245 8495 9100
1403 8132
1403 4212 5983 8601
727 4212 5344 8601 9100

3957
312 3419 5304

4525 5191 8617
5191 5352 9703
2179 4525 5352

831 2380 7887 8347
831 2380 7887 8347
831 2380 7887
692 831 2380
831 2380 5216 7887

6751
4420 8327

7191
5352
5352
5352
4649 9446

2878

9273
1973 4335 9273
1973 4335 5946

2901

3038 5034 8007
1145 3638 9372
2014 3038 3638
3638 9330
2014 3638 7347
3638 9330

1807 6312
4001 7181
4001
1807 6312 7181
4001 7181
1807 6312 7181

3308 5343 7931
3308 5343 7931

5284 5469 7857 8354
360 5284 7857 8354 8752
360 4017 5469 8354
3716 4017 4287 5284 7857
5284 7857 8100 8752
1107 3716 4287 8354

2438

139 742
4979
40 2894
2380 6374

2732
2732
2732
2732

834 5126 7029
4470 8619
7096
4470
834 5126 7029 8401
834 5126 5210 7029
834 5126 6375 7029 7096 7605 8401

914 2856
3858
914 2856

1992 8331
1992 6257 8331
1992 6257 8331
1992 6257 8331

727 4830
4830
4830
727
727

1347 4563
1347 2196 4563
1347 2196 4563
1347 2196 4563
1347 4563
1347 4563

8796
9804
8796
8796
9804

6403
5737 6326 7291

1182
1182 7134 8920
1182 7134 8920

137 3617 9736
3617
137 3281
137 3617
91 137 3617

4885 6715 8801
6715 8801
506
4885
4885 6715 8801
6715 8801
6715 8801

419 928 4567 9314
928 1232 4567 9314
928
928
6431
419 928 4567 9314

287 5841 7968 8414 8714
7968 8714
287 5841 7968 8414 8714
287 5841 8414

541 3453
541 3453

1679 4953 5812 6549 7160 8347 8777 9381
4953 5812 7516 8500
1679 2404 4953 5812 6549 7160 7516 8500 9381
6549 7160 7516 8500 9381
1434 1679 4953 5812 6549 7160 8347 9612

3482 8555
3482 8555

2625 4933 6303
2625 4933 6303
2625 4933 6303

7158 7775 8208
1527 4991 6255 7775 8208
1527 4991 6255 7158
7158 7775 8208 8496

3753 5145 6440 6533 8309 9766
9766
3753 9766
5145 6440 6533 8309 9766

2114
2114

520 5135 5447 5493 6234 6823
4728 5447 5493 6823 7125 9114
1986 5135 5447 5493 6823 9114
1199 1986 5447 5493 6823 9114
4550 5135 7125 8179 9114
1986 4728 6234 6823 7125 8706 9114
1986 4728 5135 5447 5493 6422 8008

5709
3197 5709
5709
5709 7286

1667 8974
1667 8974
1667
701 1667 4037

3923
3923

1964
722 1964 4505 6439 8262
722 1964 3749 4505 5591 5640 6439 8262 9657
3749 5591 6439 8262 9657
3749 6431 8262 8495 9657
1964 3749 5640 6431 8262 8495

2138 6127
11 2058
2058 9348
2138 6127 7053
3506
9348

183 4222 4436

642

3529 5663 6143 7251 9529
2901 3529 5663 6143 7624 9529
839 2154 2901 5584
2325 3529 4162 6143 7624 7731 9330 9529
1600 4162 5584 7624 9330
3518 5355 5584 9330
2901 3529 5663 6143 7251 9529
2901 7731

5419 6735
5419 6735

1779
1779
1779
1779
1779
1779
1779

7790
7790
7790

5069 7357
2294 5069 7747 8670 8801
2294 3439 6570 7747 8801 9702

3506
2830
2830

2107
2107
2107
2107

72 2976 4946 5352 9823
9823
2976 5352 9823

4576 8119
1290 4576 4786 8119
842 4786 8119
842 4576 8119

5189
8825
8825

6823 8119
6823 8119
2062 6823
3507 8119
2179
2062 3507
3507 6823
1312 3507

1536 2277
1536 2277

515

40
40
40

414
414
5637 7209

494 5841
928 2984 5841
928 5859
5391
494 2984

7125
7125
7125

4634
4634

2943
2062
2943 4488
2062
2943
2943
2062 5145 6440 6533 8309

1210 6902

3197 4035 9028
3197 4969 9691
3197 9028
3197 4035 9028
4035 5751

7728 9327
7728 9327
7728 9327
7728 9327

3305
3305

989 4863 6048 6877 7164
3181 4863 6048
4863 6048

2701
2701
2701
2701
2701
2701

703 4830 6553
703 3098 6553
4830
703 4830 6553
703 6553
703 6553
1651 5200 9041

3496
3496
411 5999
3496
3496

914 2809 3038 3753 5132
914 2695 2809 3816 5652
2299 3611 5753 9474 9994
115 914 2809 5132 7907
115 2809 3753 5132 5652 8652
115 2809 3816 8830 9924

1922 2786 5591
1922 5591
2271

815
5168

1844 3294
1844 6924
517 4658 6656 6930
1844 1964
1812 1964 3294

3333
318 3333
318 7834 7951
318
3333

3759
3759

6656

1771
1771
9743
4514

1964 4991
1964

1535 9174
7778

2404 7706 8109
7041
2404 8109

3770
3770 6729
3770 6729
3770 6729
3770

7088 9126
7088 9126
3496
7088 9126

122

4132
4132

3529 6143 9529
3529 6143 9529
3529 6143 9529

316 7594
316 7594
316 7594

2055 7473 8391
2102 2241 7473 8391 9018
2102 2241 7473 8391 9018

508 610 8152
4567 8152 9314

740 3717 4991 5841
740 3717 5841 9990
740 5841 8710
740 1787 2652 5841

834 5126 7029
834 5126 7029
834 5126 7029

1964 8117
914 1964 2856
1964 9024 9372
8117
4582 9024 9372
1964 8117
914 2856 6352
914 2856 8881

5640
5640
3923 5640

832 1262 9852
1262 5139
1262 1383
1262 3858 6255

433 4923
433 4923
2977 4923
433 4923
4923

5069
5069
5069
5069

215
215 8775
215
215
215

7427
7427
2846

1501 3617 9143
1501 5139
3617 5139
1501 5139 9143
3617 5139 9143

2993 9864

1843 5019
1843 5019

847 4621 6411
759 4405
847 4621 6411

3957 5892 8780
8780
3957 5892

6818
6818

4830 8459 9664
4196 8459 9664

455 9359
455 9359
455 9359

552 2715 4811 7889 8262
2711 2715 5057 8912
8262 8912
2715 5352 9804
552 2067 4811 8262

8617
8617
8617

9445
5889 9445
8920 9445
5101 9445
5889 9445

515 5672 6071 7463 9923
2901 5672 6071 7463
515 2701
2701 3759
1403 3759 4634
515 2901 3759
515 2701 2901

4953

360 4158 6122
3214 4158 4860

72 4946
562

4633
4633 7473 8391

1946 4683
1946 2292 4683
1946 2292 4683
5662 8353
2292 6593 8391

2245 3464
2245 3464

9962
9962
9962
9962

2475
2415 2475 3040 3578 6808
2475 3040 7901

306 4633
306 4633
306 4633 5021

6284
6284

1909 3717 5641
1909 3717 5641
1909 5641
3717 5641
1909 5641

3844 8801
3844 8801

5892
8208

5132 7074
1537
5132
5132

3518 6971
5049
6971

3308 5343 7931
3308 5343 7931
3308 5343 7931

2058 7133
2058
7133

3428
9265
3428

9287
1917 8647

8073
2924 8073
8073
2924
2924

4616 7032
4616
4616 7032

8921 9962
8912 9023
832 8912
832
832 8436 9962

6212 6580 7085 7164 7619
6212 6580 7085 7164 7619
6212 6580 7085 7164 7619

1986
1986

928 7961
2528
26 4056 7347
7961
1739 7961
7961 8670

3089 5019 9023
5019 9023
1706 9023
8436
4873 9023
1706 2210

360 5762 7019
360 5762 7019
7644 9567
7644 9567
360 5762 7019
7644 9567

5405
5405

8602
2023 3612 8602
3335
293 2023 3335
2023 3612 8951
2023 3612

4001
1807 6312

7881

9654
9654

4103
4103
8375
9406

367
367 4429 5251
367
367 1256
4429

4035
800 4035
800
800 4035
800

3753 6856 8558
139 742 3753

1221

1141 3682 4268
1141 3682 6212 6234 7085 7195
3682 4468 5990 6234
1141 3682 3799 8774
1141 3682 4468 5990 6212 7085
1141 4268 6212 7085

7195 7958
3816 7958
9061
2685 3297
2890 3799
606 713 3816 9061

3883

5907
5907
5907

3482 4158
2565
4158
3482 4158

3305 6532
6532 6842 7161 8316 9012
6532 7931 8316 9012 9373
6532 6842 8316 9012
6532 8316 9012

5447 5493
5447 5493 7187
2325 5447 5493
5447 5493

4292 5258 7647 8714
7647
5287 7647 7968 8714

834 5126 7029

4683
9348
9401
6234
9401
6234

3957 8506
2380 3528
3528 3957
3528 8506
1403 3528 6505

873

3008 4239 7005
3071 6004 7005 7187
3008 3071 7710
3071 3734 7005
1648 3008 3071

89 9348
89 2634

1599

1072 7458
359 411 1072 5519 6293 7656
1072 3218 6823
312 895 3218 4777
1072 3569 9151 9322
895 1072 5651 6823 7656
312 6823 7656

3600 7125
2294 3600 7125
877 3600 7125
2294 3600

8558

1141 9939
4137 5384 9939
196 8551
529

3816 5466 8053
3816 5466 8053
3816 5466
3816 5466 8053
3816 5466

8500
8500
8500

6581 8042
8042
8042
8042

2345 4028 5674

1215 3810 5889
1215 4384 4709 5889 6353 8576
1215 4384 6353 8576

4609
1434 4609
2062
4609
2062

7881
6212
4154
6872

97 5438
97 5438
97 5438

3923
364 440 5057
364 3923 5057
3923
3923

834 1199 5126 7029 8068
89 558 1199 2732 6001 6194
558 4742 6001 9075 9620
1199 2732 2752 4742 6555 8004
1457 3071 8068 9075 9620
2752 3136 8068
2732 2752 6818 8068 9075 9620
89 2752 3071 8777

7727
5033
5145 6440 6533 7727 8309

1283
1283 8611
1283
1283
1283 7521 8611
1283 8611

4127 9285
6352
4127 9285
4127 9285

832 2958 3232
832 2958 4131
832 2958 4131
832 3232
2958
832 2958
832 2958 3232 4131

2786 4239 8897
4540 5528 8897 8916
4239 4860 8897
341 6119 8916

5983
9100
9100

115 1667 8412 8479 9682
115 1667 8479 8617
8412 8479 9682 9703
7175
1667 2179 8412 9682
1667 8479 8617
115 8412 9417 9682

393
928 5280
5280
5280 8106
6654
5280
928

6812
5809

1986 2894 8969 9692
1667 5145 6440 6533 8309 8752
1667 1986 4633 5517 9692
1667 2652 5517 8969 9028
72 4946 5520 8752 9381
2226 2894 5520
2894 5145 5517 5520 6194 6440 6533 8309 9692
1986 2652 2894 6555 8004 8969
1667 2652 3606 4633 5517
4728 5751
1986 5145 6440 6533 8309 9381

8777
7516
7516
7516

3810
4384 4709 8576
4384 4709 8576

5964
847 3759 4621 6411
834 5126 5964 7029
558 3089 5964 6001
558 3089 6001

4552 4923
664 2752
70 4923

553 7282 9393
7282
2832 7282
4425
3282 7282
9484 9670
7282

4468 5990 9382
1796 7876 9382
4468 5990 7876 9382
1069 1796 9382

9143
9143
9140 9143

8617
9703
2179
8617

6234 8459
8459
3349 6234

7622 9699

5132
4131 5132
4131 5132
3060 4131 5132

2687 7088 9126

9082
9082
9082
9082
9082

1511 5889 6499 8117
1511 8117
1511 2112 3855 6265 8117
1511 2112 3855 5889 6265 8117

713 3712 4065
1264 6156
4103
3932
3547
812 3163 3932 5059 7005 7317
3569 7942
812 2442 9782

2226

1408 4121 6845 9174
1408 4121 6845 7731 9174
1408 4121 6845 7778

852 2659 3099
852 2659
3753 8719

1909 5641
1909 5641
1909 5641

1637
1637
1637
7615

9804
6751

7278 9328
7278 9328
7278 9328

6973 8152 9341
6973 8152 9341

3810
4384 4709 8391 8576
8070 9823
1973 4335 4384 4709 7473 8576
1973 4335 7049 8070 9823

2439 2584 9612
739 2439 4239
341 739
739 2439 4239
125 5352
125 4239
739 2584
125 2584

1522 4444 6296 7706
1522
4444 6296
6296
4444

3749 9922
4776
6715 8443 8801
3749 6715 8801
4361 7385

7279
2707 3883
200 2707 7279 9566
200 3712 9566 9852
2707 3712 7279

800 815
815
7011
815 2776
7181
3061 3965

2091 4313 7807
7807 8671
8480 8671

4691
3883
3770
3770

6337 7357 8480
402 1215 2456 6337 6353 7357 8117 8480 8620
2055 6337 6835 8480
1215 6337 6353 7357 8117
783 6337 6835 7357 8117 8480

508 610 1565
4567 5391 9314
7876
37 7876

6855

4680 5069 9111 9953
2460 8754 9111 9953
3077 4348 8754 9953
2460 5069 6783 9111
2460 3077 3260 5069 8754 9111 9953
2460 3260 3460 3712 4680
1069 2151 2167 4056 4527 6600 9111 9953

4634 6185
2114 2901 5517 6823
1167 2901 4634
115 2901 4634 5517 6823
115 4634 5517 6823
2114 2901 4634 6823

800
800

6212 7085
6212 7085
6212 7085
6212 7085

3662
3662
3662

1986 4239 7248
1986 4239 7248
1986 4239 7248

4464 8132 9939
1011 1836
364 1011 1836 5057 8132 9939

78 1110 7968 8714
78 1110 3048 4203
78 1110 9031
78 1110 8974

4444
4444
4444
4444

8611
2260 8611 9122
6212
867 4567 9314 9485
4567 7346 7744 9314

3529 6143 9529
3529 6143 9529
3529 6143 9529
3529 6143 9529
3529 6143 9529

3569 4065 4415 9151
3569 4415 7317 9151
3569 4415 7317 9151

7017 9431
7017 9431

5101 8119
4429 5391 7267 8119
2666 4429 5391 8119
1726 2179 2666
1726 5729 6820 7267 7597
1312 1726 2192 5391 9485
1726 4429 5611 7267 8432

7251 9516
2786 4735 7544 8036
5764
7600 7918
403 7624

556 8810
717 9202
717 9202

9874
9874

2438 5552 6954
5552 5613 7423
2438 5552
2646 5613 6146 7423
2438 6954
2438 5613 7423
2438 2646 6146

2536 7824 8119 8974
3942
989 2715 7164 7824
2715 7824 8119
1027 2536 2715 7824
2067 3942 7824 8119

2098 5640 6257
3821 6309 6560
5268 6309
5640
6309
5640 6257
6309 6560

1955 4646
1955 4646 5069
5069

9174
9174
9174

1843 8315
1843 8315
1843 8315
1843
1843 2752 8891

2404
2404
2404

6549 7160 7910 8433
6549 7160 8433
3573 3612 6122 7910 8568
3612 8433
4860 6549 7160 8568
2393 8433

2196 9229
2196 9229
8472

1509 3740 5419 7889
1509 7889
1526 3740 4248 5419

37 295 9184
295 4567 9184 9314
37 295 9184
37 295 5227
37 295 9184

2361 4953 7777 8408 9661
2361 4444 4953 7777 9661
2361 4444 4953 6439 7777 8262 8408
2361 6439 7777 8262 8408
4444 6278 7161 7777 9661

2294 8117
1426 7466 8117
7466 8117
1426 1552 8117
1552
1552

928 4549
928 4549

1946 4683

552 4811 6084
6084
6084
6084
7279
7279

8495
731 8495

1856 3403 4931 8542 8897
8261 8542 8897
4160 8542
8261 8350 8542 8897
5529 8542 8897

8229

6607

6296 8985 9668
6296 6549 7160 8728 8985
3783 6296 6549 7160 8985 9668
2240 7125 8728

5893 9504
9504
5893 9504
3704 6568 9504
9504

360 1434 1986 3522
360 1986 3717 8406
1986 2393 3522 3717
887 3717 8100

3525
188 1215 3525 3712 8207 9406

4991
9990
9990

4830
4196
1910 5752

419 1992 8331 8780 9874
419 2020 4208 8780
419 1992 2591 8331
4786 6115 8616 9358 9381
1992 2816 8331 9381

3407
3407

2701
2701
2591 2701
2701 4786 6115 9358

6422

527 727 3668
527 727 3824
527 3668 3824

2353 5207 8922
2353 5207 8922
5207 5293 8506

3638 5868
3638 5868

7088 7656 8829 9126
7088 7127 7656 8129 9126
2580 4196 7215 8829
1769 2580 3496 7127 8006 8129
1769 7088 7656 8006 8829 9126

4149
2485 6549 7160 8119
2485 4149 8119
2485 5591 6549 7160 8119
4149

3167 5853 9358
6266

893 1383 8029
4959

5062 5714

5436 5591 7125
5436 5591 7125
5436 7125 9608
5436 7125 9608

952 4567 6416
952 4567 9097
316 2192 7594 9097
316 7594
6416
6416
316 952 4567 7594
2192
6416
2192

72 4634 4946
4634
4634
4470 4576
3858 4470 4576

7731
800 3883
5026 7470 9018
800 7470 9018
800 3770 7470 7731 9018
3770 7470

1262 4239 5020
4991 8916 9150 9910
1262 2842
1262 3008 4239
1262 8660 8916

5034 8889
8889

7182
3710 4652
7182
1032 5949 6258
1032 5949

1168 2943 3167 5853 9358
3167 5853 9358
1168 6266
1168 2943
1168 3167 5853 9358
2943 6973 9341
6973 9341
3167 5853 9358

360 1271 7774
4579 5602

1642 3816
3816 7835
7907
7138
3816

3189 9389
448
448 1347 4563

3923 5021

590 1393 5092
590 7619 7749 8646
590 5871
590 5871
1393 5092

8480
8480
8480
8480
8480

6018
2240 6018 7125
4554 7125
6018

1457 1843
1457 1843
1457 1843
1457 1843

4735 7544 8036
9143 9516
9143
4735 7544 8036 9143
7600

1679 9908
1679 9193 9908

2701
4953 7029
4953
2701 7029
7029
7029
2701 4953 7029
7029

3038 3558 3660
1145 3558 3660 9372

9061

536 2062
2062
2062
536 2062

9804
9804
9804

83 1903 3210 3338 9174
2438 3210 7979 9143 9174
1215 3210 3308 5343 7931 9143 9406
904 3338 3932 9143
3038 3210 3308 5343 7778 7931 9143
2416 3308 5343 7931 9143 9608
3338 9143 9431 9924
83 407 2438 5179 7778
3308 5203 5343 7931 9143 9608
2416 2438 3338 3414 3932 8817

7513 9569
7513 9569

115 122 649 1536 2277 5166 8032 9184
122 3428 6565 8032 9184 9274
122 4177 5264 6565 9184 9990
122 2927 4349 5166 9082 9184

4728
4728
274 4728 6571
3396 4728
274 5210 6571
4728
4777

7088 9126
2138 6234 7088 9126
2138 5086
7088 9126
5638 6165
6234
5638

6337 8117

800
800

2536 4017

4444
5231
630
5231

1402 4188
1402 4188
6355

3258 8580
7384 7571
7384 7571
2479

703 6553

4193 5274
5274
4193 9407

9229

419

2924
2924

3084 4966 5492
3084 4966 5492
2020 4208
4966 5492
2107 4966 5492
2020 4208 7372

360 1306 5152 5923 8754
360 1306 3566
5152 5923 8754
5790 5957
1406 1667 3566 5790 5923 5957 7653 9864
360 1667 3566

1457 2907 4813
1457 2907 4813
2907 4813
1457 2907 4813

274 5865
274 2138 2952
274 5865
2952 4121 4609 6845
2138 4609 5145 6440 6533 8309
274 4609

2571 3210
2571 3210
2571 3210
2571 3210

2846 3084
2846 4317
2354 2846 3084

7544
7544
7544

360 1426 4851 5762 7019 9973
360 1426 1436 3923 5762 7019
360 4851 5762 7019 9973
1183 1426 1436
1426 4851 7644 9567 9973

2846 7134 8920
2846 7134 8920

5152 8754 9114
5152 8754 9114
5152 8754

7088 9126
7088 9126
7088 9126
7088 9126
7088 9126

1946 4120 4683

7017 9431
7017 9431
7017 9431

5132 9939
5132 9939
196 5132

1403 1807 3649 5447 5493 6312 8777
1403 2695 6924 8777
1403 4830 5060 9013 9697
1403 5447 5493 6656 6930 8777 9480
1807 4268 5447 5493 6312 9480 9668
822 1403 4268 5728 7208 7728
822 5447 5493 7208 9480
1348 1403 1812 2625 4830 7208

590
3258 7761 8580

2830 3084 4149 4410
2695 2830 3084 4149
2094 2830 4149 6025

70
70
70
70

596 6580 7164
552 596 1676 4811 8505
552 4811 8505
596
552 596 4811
552 596 4811
1676 6934 9402

7002
3439 7002 9702

4786 6241
5344 6241 7279
78 172 1110 4786
78 1110 4786
5344 6241

441 1706 4965
441 4965 9852
1706 6296 8132
441 1706 4965
441 4441 4965

3084 4410 8581

9802
2404
9802

2958
2958
2958
2958

5517
3077 8262
887 3077 8262

5268 6747 9682
5268 6747 9682
6747 9682
6747 9682

1880 4414
1348 5774
1880 4414
1880 4414

7248
7248

8553
1807 5086 6212 6312 9607
1807 6212 6312 8553

5552 9568
5552 9568
5552
5552 9568
9568
9341

2591 3355
2591 3355
2591 3355
2591 3355

7267 7954
3359 3625
1552 9028
3380
1552 4263
6014
2693 8694

1183
4263

8558
8558

4691
3883 7458 8974
1510 3770 7458
1510 3770
1510 3770 8974
1510 3770

703 3100 6553 9087
703 2125 4041 6553 9381
727 4179 6553 7159 7329
703 3606 6553 7159 9087

4991 9900
4991 9900

1026 4297 8073
1026 4297 8073
4297 8073

5086 6234 6416
6416
6416
6416
6416

212 1843 3923
212 1843
212 1843
212 1843 3923
212 3923

8421
8421
8421

5069
5069
5069

7458
7458

2984 3428 3642
2984 3428

9608
9608
9608

4634 7302
4634 7302
7302

6246 8354 8474
1957 8354

4998
4998
5517
5517
4920
783 4998 8775

7775 8208
7775 8208

411 4212 5999

3844
3844
3844
2385

3816 3819 4686
3819 4686
5168
3819 4686 5168
3816 5168
3816

1779
1779

928 5652 8354
928 7820 8354

3957 5663 5892
713 3957 5663 5892
552 3957 5892
3957 5663 5892

777 2438 4851 6325 9643 9973
777 889 2438 9643
777 9643
2919 6093 6325 8166
2625 6093 8166 9643

6110 7372
6110 6212 7085 7372
6110
7777

283 2685
1580

800 4552
664
70 9381

2138 3770 7278
7278 9770 9882
6273 7278
1390 7278

8117
8117
8117
5293 8117

4953 5812 8617
6570 9703
4953 5812 6570
2179
1763 8617
1763 4953 5812
1763 5303 6570
1763

717 2752 9041 9202 9390
1390 4226 5837 8078 8482 9729
9348
2752 9193
2300 2634
1390 7350 9193 9729
2752 9193 9273
1390 3282 4226 5837 9729
2752 5837
9193
4226 5837 9193
717 1390 9202 9670 9729

1641 4870 9849 9939
4870 9939
196 4212 4870 8601

1992 8331
1992 8331

4444

2240 7125
9061 9990
4103 4991 7181
1552 9990
1552 7181 9990
2240 7125 7181 8829
1552 9406

847 4621 6411
847 4621 6411
759 4405

1403 4777 7790 9659
41 1403 7304 9635
1403 8447 9912
1403 4554 7790
41 1403 4742 6715
41 867 4742 5026 9485
41 7731
1403 4873 9912
41 4195 7411 9912

2625 4933 6303 8073
8073
1254 3622
949
2625 4933 6303

5394
5394
815 5394

4691
2058 3883
3770
2058 3770
3770 7053
3506 3770

1393 5092

5961

419 433
419 9608
433
8949 9608

2959 6115
366 6835

1844
5517
1844 2996 5517
1844 5517 9256
1844 5517

8229
8229

9803
364 5057 6871 9803
364 2540 2780 5057

4616 8617 9348
2138 9703
2179 2634 4616
2138 8617 9348

1270
7161 7968 8714
9373

3631
3631
669
1992 8331
2242 6975
1992 8331

2023
2023

1434 7775
6031 7182 7775

1977 2701 5447 5493 8670 9993
2786 5286 5447 5493
1977 2701 4540 5528
1977 2701 8275 9993
1977 2786 3594 5784
2786 3594 7440
1977 3439 4540 5528 9702

4921
1270
4878
4931

8117 9608
4513
4513 7088 9126
4513 4597 8117
2240 7125
7088 9126 9910

7097
1554 7097
1554 7097
1554 7097

5127 9924
5127 9924
5127 9924

515
515 5672 6071
515 8375
5672 6071 7463

3569 9151
3569 9151
5835

3905 5145 6440 6533 7029 8309 8775
2901 3905 5145 6440 6533 7029 8309
8775
2901 7029
2901 5145 6440 6533 7029 8309
34 2901 7029

520 3810
2901 3529 4384 4709 6143 9529 9892
2976
2901 3529 3683 5622 6143 6201 9529
72 4946 6284
2976 3529 4709 6143 8576 9529
3529 3683 5622 6143 7049 9529

3460 3712

3089 3923 8650 8897
506 3189 3923 7088 9126 9389
1637 3923 7088 9126
506 3089 7088 9126
506 3089 8650
3089 3235 8650 8897

2023
2023
2023

2023 6212
2023
2023 6212
2226 6212

800 4953 5812
2294 4953 5812
800 2294 4065
4953 5812 7067 7317
274 394 6571
4953 5812 7181

6545 7501
6545 7501

517

316 7594

649
5264

3923 4965
3923 4965
3923 4776
4776 4965

2439 6173 9174
2439 6173 6823 9174
2439 6173 6823 9174

4576 7357
7747 8801
2138 4576
2138 4576 7747 8801

9568
9568

7744
7744

536 5069
536 3496 5069
536 3496 5069
536 3496 5069

3485

8347
8347

1864 4236 4634
1864 4236 4634
1864 4634 8277

2136 7747 8775
6678 7747 7889
7747 8775
2136 5117 7747

3161 3858 6255 9114
9114
3161 9114
4130 8796
4130 9114
3161 9114
3161 4130
4130

2488

5394 8109
5394
5394 8109

7032
7032

2809 3485
8480

745
745

100 1552 5790 5957 6532
2715 3662 6532
100 2830 3662 6532
2715 2830 5790 5957

3540 8770
5863

8922
8922
8506

26 4691 9023
3883
3770 9023
26 3770
26 3770

42 4238 6914

7195
7195

3109
3109
3109
3109

1641 5752 6257
1641 5752 7623
1641 5161 8496
6610 6809 8073
1641
1641 7521

6018
1408

9143
9852
4441

295 9154
295 9154
295 9154

3522
1074
9389
3522

8802 9154
8802 9154
8802 9154

1114 2701
1114 2701
1114 2701

1633
8279
1448 8455

3558
3558
3558 3710 8109

3210
3210
3210

9193
494 9193

745
1964
1964
1964
1964
8829

2433
3923 8275 8595
4804 8275
2227 8275 9883
360 9273
360 1633
757 2138 3923 8595
3459 8595

887 5447 5493 6173 8408
5447 5493 6173

3403 7903
3403 7903

1599 2020 4208 8459
3826 6335 8459
3349 3826 6335
42 7002
42 1599 2020 4208 8459
42 5384 8459

9994
806

9134
9134

9111 9780 9953
9780
5352 9780
9111 9953
5352 9111 9780 9953

2020 4208
4208

2625 4933 6303
7820 8412 9682
5075 8412 9682
5493
5493
2625 4933 6303
4455 5493

4552 4830 7078 9477
4196 5640 7078
4552 4830 9668
4830 9477
4196 9477 9668
4552 4830 5640 7078

8042
8042

4056 6105
4056 6105

5127 7354 9924
2752 5127 9924
1856 2752 3403 4931
2752 4928 5127 9924
2736 2752 5127 7354 9924
2752 5127 8024 9924
1166 2752

1496 5132
360 1496 5132
360 1496 5132
360 1496 5132

360 4851 9973
2536 3214
1503 2722 4851 5652 9973
1503 2722 3214 4851 9973
360 1503 2722
360 1503 2536 2685 2722 9766
4851 5652 9973

8459

4830
4830

1403
1403
1403
1403

1393 5092
4582

9612

4804 7248
2830 9143
2227 2685 7248 9883
2685 2830 3761 9143
2830 5388 7916 9143

3759
3759
3759

1960

5168
125
125 5168
125

9402 9608
9402 9608

2380 8068
4276 8068 9928

3258 8580
419 1205 8429
6994
8595
606 1205 3258 8429 8580
784 1205 8429

2595 5117

739 2136 2952 3717 9992
1522 2952 9992
739 2952 3717
739 3717

4438
4438
4438
4438

7078
7078
7078

4225 8922
2023 2125 4225
2023 4225
727 2023 4225
727
4225

4470 6549 7160
4470
2125 7304
6549 7160
727 6549 7160
4470

4212 8601

6048
4953 5812
6048
6048

5112 5352
2240 5112 7125
2240 7125

9184

9804
6751
9804
9804
9804

1566 3488 7859
5303
3482 4158
3482 4158 5303
1566 3488 7859

9546
8288

8029 9294
211 3197 8029
5622 8472
3186 3197

713 3923
1264 3923 6156

7229

2059 7889
2059 7889

2294
2294 8660

5957
5957
3625

1290 3923 5044
1599 2245 3464 5044 6165
1290 1599 2245 3464 5044
2245 3464 3923 7074
1290 4244 5044
1290 1599 2245 3464 3923 4244
1290 1599 6690

9298 9971
9298 9971
9298 9971
9298 9971

679 4830 5520 9390
679 4830 5520 6909 7898 8897

5447 5493

3038 3089
1145 3089 9372
3038 3089

9823
1686 2019

834 5126 7029
834 5126 7029

1337 5576 6658
989 3923
3923
8982

6549 7160
5591 6549 7160
5591

7782
5586

914 1580 2856 7012 8126 9341
914 2499 2856 3816 7012 7134 8505 8920
2499 7134 8505 8920
914 1038 2499 2856 4830
1769 2292 2499 4196 8006 9567
1769 1910 2672 4852 4991 5752 8006 9337
54 1580 2499 4735 8126 9341

5737 6326 7291
5737 6326 7291 9150 9910
5737 6326 7291

3546 9648
3315
1554 7097
1554 7097
1554 7097 9183

1118 3821
1118 3821

125 4239
125 2786 8916
2786
125 4239
2786 8916
999 4873

636 3981 6502 7125
636 3981 6502
636 3981 6502 7125
7125
636 3981 6502 7340

1633
8279
1448 8455
5049

5019

893 1383 8029
513 4959 7984
513 893 1383 8029

8829 8930
3566 8829 8930
3566 8829 9485

1312 2138
1312 2138

2007 8078 8482
8078 8482 8542
3396

515 5394
34 3152 4681
34 1074 4681
34

318 474 4444
1680 1784 9072
1680 8754
318 4444
318 3506 7161
318 4444 6934

2415 3578 6808
7901
2415 3578 6808
2415 3578 6808

4842 9340
9236
9236
9236
9236

258 1336 5396
258 5396 7133

3450 8321 9682 9972
2786 3450 4953 8321 8480 9972
649 4953 8480 8611
2363 2786 8480 8611
5264 8480 8611
2786 4953 5264 8611 9682
8480

1566 3488
1566 3488

2460 4202

2210
2210

4127 9285

1535 2488 6337
1535 2488
1535
1535

6337 6751 8262
4420 6337 8327
6337 8119
4568
4420 8262 8327

2098 6374
6439 8262
2114 5809
360 3217
3385 5809 6812
6439 8262

2192
2224 3485 7001
2224 3485 7001

6093

54 1426 2152
2152
54 2152
1426

3210
3210

831 2380 2695 5327 7887
2380 7887 8262 9683
831 2380 7887 8262 9683

8617 9228
9228 9703
2179 9228
8617

1883 6945 9143
3528 9143
1883 3528 6945 9143

3844 8801 9028
4969 7946 9691
364 1429 3844 8801 8891 9028
2260 4129 9028 9122
1201 5751 9639

2107 3591 5251
60 1256 2091 2107
2107 3910 4212 8601
60 1256 2107 3071
2107 4212 6217 8601

1496 5112
1496 5112

8412
6280
8412

4991
4991
4991
5527 5936

4317
4317
4317
4317

8316 8802 9012
8620 8802 9867
783 2777 8802
8316 8802 9012
5874 8802 9383
783 8802
1960 8802
4496 8316 8802 9012

7029
7029
4005 7029 8825

2866 4776
2385
4776 7687 9275
2866
2866 7513

2885
2885
2885

2958 8229
2058 2958 8229
2058 2958 8229
2058 2958 8229
2058 2958

2952 6320
2952
2952
2952

1182 2777 6862
1182 2777 6862 8922
1182 6862

4103 5069
4103 5069
9406
9372

2404 5207 6835
2404 5207
2404 6835

6669
6669
6669
6669

2007 3607
2007 3607
2007 4776

1946 4683 6835
5274
1946 4132 4683 5513

815 3704 6568
815 3704 6568
815

847 1039 4621 6411 7710 9402
847 4621 6411 7710 8069 8897 9402
759 2251 3396 4405
847 2094 4621 6411 7710 9402

5899 8152
6187 8152
5132 8119 8152
5640 8119

3923
3923 5391
3098 8829
3923 6139 6298 8059 8829
5391
1565 3753
3753

4552
552 4811
552 4811
552 664 4811
70 552 4811
552 4811

652 5062 5714
5062 5714 8542
8339 8542
652 5062 5714
4779 8339 8542

287 2114 8414
2114
287 2114 8414

8481
8481

4776 9150
9150
9150
9150
4521 5170 5839 9150

6403
416
5203

5069 6257
3496 7807
1769 7032 7807
1769 5069
3496 7032
3496 5069 6257
3496

1503 2722 9061
1503 2722
303 5466
1503 2722 2946
8592
5466
1503 2722 9075
1503 2722

3753 3923 7088 9126
3994 4213 4513 8184
3753 3994 4213 7088 8184 9126
590 7088 9126

5958 9266

360 2625 4933 6303
360
360 2967
2282 2919
2282 2919
4098 6409

2439

4410 8447
3941 4410
4410 9070
4410 9070

3644 7057
6862 7658
6862 7658

7267 9184

2809
2809
2809 8775
2809 5591 8775
2809

838 6052 7961

4239
4239

8007
3638

723 2867 4552 9912
9892 9912
723 2867 4552
4552 8752
72 2600 4946

4098 7573
4098 7573
4098
7573

5161 5729 8496
6610
7372
1526 6610
5729 8496

411 912 3137 5257 5999 7979
411 912 3038 3137 5257 5999
2440 5753 9474 9994
411 5999 6375 7605 8401 9924

1312 6439 8262
1312 6439 8262
1312 6439 8262
1312 6439 8262
137 6439 8262
411 6439 8262

360
360

2571
2571 8796 9643
2571 9643

5258
1290

2666 3826 4830 6335
2666 3826 4830 6335
42 2192 4830

536 8659
536 8659

1807 1828 6312 6818 7317 7769 9612
1807 1828 6312 7317 7769
1807 6312 6818
1807 6312
6818

1501 1856 2591 3355 3403 4931 6775 9484
1501 1856 3403 4931
1501 1856 3403 4931
4928 6775 9484
2591 2736 3355

2900
2900 3254
2900

3291
3291 9564
3291 9564
3291

2701

7074 9682
7074 8412 9682
7074 8412 9682

9114
9114
9114
9114

2652 8969
2652 8969
2652 8969
2652 8969

9401
3858 6255
3488 3858 6255

6439 8262
6439 8262

2924 8073
3759 7573
3759
3759 8073
3759 9035
8073 9431
3759 7573
3759 6464 7573 9930

6374 6403
360 3217
3385 6403
100

9804

1072 3197 9390
1072 3197 6549 7160 7738
7738 9390 9849
731 1072 4415 4705
3197 4357 5459
3197 3355 3428 6549 7160
1072 4177 4415

552 4160 4811 6422
411 552 4811 5352 6422
411 552 4811 4838
26 411 2785
26 411 552 4410 4811
552 2094 4811 5352

1183 5419 6735 8506
2439 4263 8506

2869
3333 5073 6878
137 2869 3333
7834 7951
5073 6878
137 2869 5073 6878

169 2380 6296 8480 9804
3697 4276 8480 9804 9928
3697 6296 8480 9804
1025 2715 6296 8480 8614 8754
4276 6296 6891 7161 8480 9928

366
366
366
366
366

5112 9022 9568
1225 5112 5676 6383

1147 1642 2460 3333 4859
1147 2120 3333 4859
783 1147 2460 7834 7835 7951 8775
1147 2120 2460 4859 5202 7138

877 1072 4521 8339
877 904 1072 4776
877 1072 9431

3858 6255 7619
2363 7619
8796
7619
8796

2907 4813 6296
2907 4813 6296
2907 4813 6296

316 7594
316

5668 7794

1232 4292 6093
1232 2976 5733
893 1383 5069 5733 8029

1406 7653 9864
4830 7998
1406 4830 7653 9864
295 6194 7998
1406 2756 7653 9864
1406 7653 9864

258 3649

2488 4103
2412 2488 9197
2412 2488 9197
2412 9197

1402 4188
1402 4188
1402 4188
2695 7571
2695 7571

5207

699
699 7848
699 7848

2404
2404
341

2652 8969
2652 8969

37
4567 9314
37

3717
3717
3717

9143
9143
9143

2046 3693 4444
2046 3693
322 416 4452 9706 9994
2046 3693
5 416 2046 3693
4444 5983
416 2046 2335 2774 3693
322 4452 9994
416 4444 7264

2471 9143
9050 9143
2471
6048
9143

6715 8801

2059
2059 7005
2059 4857 7843 8729
2059 7843 8729
2059 3458 7005

4121
4121 6845
4121 5841 6845

1946 4683
1946 4683

5318 8381
3607 8381
40 2112 3607

1535 2846
312 800
1535 4470 7324
3985 6624 8704
2846 3985 6624 8704
2846 3985 6624 8704

914 4991 6710
914 8666 9612
2299 3611 3704 6568 6710 9661
914
1548 3704 4991 6568 9661
3704 5352 6568 6710 9661

6669 7706
4444 6669
7041 7357 9529
4444 7747 8801
5231 6669 7747 8801

5517
3529 5517 6143 9529
3529 5517 6143 9529
3529 6143 9529
5517 6194

5257 5331
1964
5257 5331

838 6052 6634
838 989 6052 6634 7164
838 6052

125
125

5911
5911
5911

4811
1593 2433 2752
1393 2433 2752 4811 5092
2752 7619 7749 8646
2136 2433 2752
2136
2752

4464 8568
1011 1415 1836 1930 8568
1930 8568 9459
1011 1836 5041

2685 6110

723 2867
723 2867

3546 9568
3315 9568

5207
5207

928 3519
1582 3539 5168
3539 4056

5331 8982
5331 8982
137
4885

3770 4552 5344 7807
3343 3451 3770 6185 9829
3770 7747 9892
2977 4552
2971 3343 3451 4552 6194 7747 7807 9829
2971 3770 5344
4744 5344 6977
8709
2977 3770 4552

3062 8006
1769 3062 8006

3335

4132 5513 7165 8042
2784 4132 5513 6701 7165 8042
4132 5513 7165 8042 8889
4132 5513 7165 8042 8459
7165 8042 8459 8889

181
181
7088 9126

1536 2277
2485 8119
2485 8119
4349
4349

3529 4821 6143 6422 9303 9529
4821 6422 9303

1909 4317 5641
1909 4317 5641

7775
7775

4863
4863
4863

7758
7758

5069
5069
5069

7765
7765
7765

1964 7518 9804
1964 9804
1964 8947

125 9402
4196 9402
125 4830

1842 2389
1842 2389
6431 8262

5626
8659
8659
8105
6754

316 577 3662 5421 9193
3662 9193 9887
3662 9193

4410 6754 8581
6754 7673
4410 6754 8581
6754 8617
4268 6754 7248
2636
5586 7248 7673

7088 9126
1779

1668 2752
1668 2752

9134 9766
2971 4779 7562
2971 7562 9134
4779 5967 7562 9134

8762
7041 9529

1526
1434 7372
1526

2878
2878 5172

1985 5919 7278
5919
1985 4418 6643 7278
5293 7278

5709
2080 5709 6921
5709
5709
5709
5709
5709

4201
4201 6162 7984
4201 7984

41 852 6018
852 2952 6018
41 1109 4554
1109 2952 6018

443 3403

7775 8208 8602
414 7775 8208
8602
414 7775 8208

4525 5352

7057
6862
6862

360
2438 5602
2438 4410 8581
2438 4410 8581
360 2438
4410 8581
2438

6108 8021
6108 8021

3923
3923
3923
2101 3219

1986 3612
909 1162
1986 3612
125 909 1162 1986
1986
1986 3612 6070
125 2521 4292 7489
125 3612

6431 7142
6431
6431 7142

5069 6856 8558 9900
5069 6856 8558 9900
6856 8558 9900
5069 6856 8558
5069 6856 8558 9900

2300 3482 8555
2300
2300 2361
2300 3482 8555
2300 2361

9328
9328
9328
9328
9328

3189 4470

7282

5899 8381
5668 7794 8381
1957 4885 8381
343 1957 6187
1957
1402 1957 4188 5132
343 8381
343 1903 4885

3994

5850
1481 4554 5850 7494
1481 7494
7494 8620
1481 4554

2240 3080 6945 7125 7619
2240 3080 6945 7125
2240 6945 7125
3080 3923 7619
2439 3080
2240 7125
2240 3080 6945 7125
2240 7125 7619

5079
5079

3612 6549 9643
3612 6549 7160 7931 9643
3612 6549 6842 7160 9643

5790 5957
5790 5957

1686 2019 4933 6303
6303
4933 6048 6303
1686 2019 4933
1686 2019 4933 6048 6303

9463
3565
9643
2646 6146
2646 6146

2971 3617 7728 7992 9327
2971 6374 7992
2971 3617 7992
360 2971 3217 7728 7992 9327
3385 3617 5050 7290 7992

2685 9504
2685 3539 9504
2685 9504
2685 3539
2685 9504

26

5253 6207
5253 6207

2438 8728
3783 5391 5613
414 5391
2438 4307
7968 8714
2438 7968 8714 9694
1736 5698 7968 8714 9193

3759 4455 6775 9484
3759 4455 6775 8381 9484
1641 4455 6775 9484
4455

89 1554 6602 6607 7097
6602 6607
89 1554 5344 6602 7097
89 1554 4221 5344 7097
42 1554 5344 6607 7097
89 2454 8461
89 5344 6607 7413

4830
122 4196
122 4830
4830

2695 7181 9643
2460 9643
1450 7181 7673 9643
7181 7537 9643
1450 7181 7673
7181 7537 9643

83
6194
1813
83 6555 8004

3210 9670
3210
231 3210
1648 3210

556

433 754 4299 9402 9768
433 754 4299 9402 9768
433 754 4299 9402 9768

4444
3704 4444 6568

3816
3642 3816
3816
3816 8871
3816

2752
2752
2752
2752
2752

8537
7979
7979
7979
7979
7979 8375

2646 6146
4742
2646 6146

3338

9401
4960

806 6071 7968 8714
97 806 6018
1481
806 3716 4287
97 1481
806 4554 9031
806 3716 4287 5215 8974
97 6018
6018 8551 8620

5602 6692 7009
5602 6692 7009
5602 6692 7009 7624
4179 7195
3066 5602 6692 7009 7710
3297 4179
3799 5602 6692 7009 7624

3612
3612
3612

411 3260 5902 5999 8829 9575
3260 6921
5902 8829 9575
6213 7279 8829
411 3260 5902 5999 9575
411 5999 6921 7279 8829

7282
7282

9924
108
108
108

754 4299 9768
754 4299 9768
754 4299 9768

1312 8348
2227
877 1312 8348
877 2227 8167 8348

6375

5391
9789
5391

1946 4683

1182 8922
1182 8922
8506

3186 8042
8042
4355 7014 8042 8470
8042 9462
8042
3569 8042

1088 7411 7544 8630 9835
1088 2698 7544 9835
1088 1436 2698 7544 9835
7544 9835
7411 7544 8630

5084
5084
5084
5084
5084

3258 5019 8580 9087
54 2870 3071 3900 9087
54 1648 4317 5419 6735 9900
2882 5019 9900
2210 9087 9900
2354 3258 5419 6735 8580

8288
8288
7775 8208
2046 2204 3693 7775 8208 8288
2204 8288
2046 2204 3693 7775 8208 8288

4103
4103

7458 8670 9736
3281 3439 9702
91 5352

414 2227
414 8581 9668
414 1109 2227
414 2227 9668

2701
6149 6624
6149 6624
2701
2701 6149 6624
7651 8203

2240 7125
2240 7125

2786 8553
2786
2786 9607
5668 7794
2786 5668 7794

41 5216
41 2924 4087 7034
41 2020 2924 4208 5216
41 4509 5216 6845
41 2020 2924 4208

1771 9736

2023 3294
2023
2023 4658
2023 2625 9505
3294

356 3043
3894

3753
3753
4383

8506
7562
6505
7562 7892

2240 7125

2112 3305
3305 5069
2112 3305 5069
2112 3305

1215 6818 8974 9406
1215 6818 8974 9406
1215 6818 8974 9406
1215 8974 9406 9804

8752

1130
1130

1807 4609 6312
1807 4609 6312
1807 4609 6312

26 1986 5419 5528
26 1986 4540 5528
26 1986 4540 5528

3167 5853 9358
170 3167 3604 5529 5853 7599 9035 9205 9358
170 5529 6093 8166
3167 5529 5853 6093 8166 9358
170 3604 5529 7599 9205 9273
3167 3604 5529 5853 7599 9205 9358

800 4193 9273
800 7247 7792 9273
5946 7011 7992
2385 2776 4193
7181 9273
3965

169 1011 2707 9205 9997
3697 3753 6889 9205
1011 2707 3697 9997
1011 6438

5521

7843
7843
7843
7843
7843

7029
7029
7029

1393 5092 7427
2974 7427
1393 5092 7427

455 1092 3482 4158 6355 8032 9359
2565 5089 6355 6515 6924 8032
455 1092 3482 4158 5089 6656 6930 9359
455 6216 6355 6515 8163 9359 9990
455 3482 4158 9359
455 1092 3482 4158 6355 9359

4840
8715
2984 8715
8715 9184
8715

691 2007
2007
691 2007
691 2007
691 2007
691 2007

5284 7857 8480 8620 8897
506 783 8480
5284 7857 8480

693 723 1599 2867 6439 8262
723 1599 2867 6439 8262
723 2867 6439 8262

187 7548 8408
1388 8408
3168 6909
1388 3168 8408
3168

800
800

8069

9427
9427

2167 7615 7619 8666
914 2167 2856 7619
914 1946 2020 4208 4683
1946 4683 7615
1607 1946 2020 4208 4683 7619
1946 4011 4683 8756

9804
2499 5919
2499 5919 9804
2499 5919 9804
2499 9804
2499 5919

5227
5227
5227 5640
5227

832
832

7759
1880 7759
1880 4414

7968 8714
7968 8714
7968 8714

5323
887
887

2438
6818
414

567 3144 6356
567 3144 6356 8922
3144 6356
2361 3144 6356 6890 8506 8827
2361 6890 8506
3071 8506
8506

5527 8829
5527

360 5231 6572 7029
360 7029 8947 8985 9419
360 7029 8985 9205
360 6439 7029
6439 7647 8262

2460 7958
2460 7958
2460
2685

9888
9888
9888

556 6048

1535
2380
1535
1535

4735
4735

1843 2380 4733 8974
1843 2439 4276 6050 9928
1843 4733 8376 8614 8974
1843 7608
1843 4733 8974 9928

7573
147 5408 7573
147 7573

739 1602 6979 9568 9654
1843 5378 8849 9568 9692
1843 3099 4777 5378 9568 9692
72 1843 3099 4946 5378 9568 9692

1215 2560 5120 6568 9256 9406
1215 9256 9406
1215 9406
1215 9256 9406
4005 8825

2247 3482 8555
6678 8117
3482 5117 7440 8555
909 5447 5493 8117
3482 8117 8555

212 517 642 3038 3333 3660
212 517 1145 1769 9372 9777
212 3038
517 642 6374
642 3333 4463 9330
517 4842 7347
517 642 3333 3660 9330

72 2354 4946 8459
562
2354 3349 9332
800 1807 6312 8459 9332

5729 6820
5729 6820
5729

1769 8006
1769 4463 8006
1769 8006
1769 8006

552 4811
552 4811
552 4811

9193
9193

5079
5079
5079
5079

9867
1960

8060 9960
8060 9960
8060 9960

1508
1508
1508

8480
8480

2153 6721
2153 6721

4518 8897
364 4518 5057
4518 8897
364 4518 5057 8897

1957
7673
1957
1957
1450 7673

2240 7125 8985

2059 7427
2059 7427
2059 7427
2059 7427

6403

1026 2136 2752 3189 6191 8752
1026 2786 4463 6182 6842 9087
1026 2752 4463 4540 5528 8752
368 1026 2786 6842 9087
1026 2752 2786 3189 6191 6842
1026 3189 4540 5528 6191 9087

389 1430 5231 7279
1430 5231 5584 7279 7924
389 2701 4193 9594
1430 7279 7924
4193 5527 5584
832 1986 8403

4444
4444 7876
4444 7876

162 9704
162
4856
9704
3971 4856

527 3824
527 3824

125 137 577 2952 8117
125 2952
125 411 8117
125 783 2952 8117 8775
2952 8117

8068
2107 8068 9035
8068 9143 9477
3569 8042 8068 9143 9151 9477
2107 8042 9477

3717 4953
3717 4953

3759
3759
3759
3759
3759

1733 8007
3638 5168
5548
5253 6207
5168 7181
3638 5168
1653 3030

419 6115 7738
419 713 7738
419 1264 4357 6156 6245

474 3529 6143 9529
2958 9072
2958 3613

7074
1100 9482
7074
9482
7074
7074 9482

552 2996 4811
552 2996 4811
552 2996 4811

515
515 904
515 9431

6212 7085
6212 7085
1633 6212 7085

1088

578 9505
8316
8316
8316

1566 3488
1566 3488

9694
4317 9694
4317 9694
9694
4317 9694

1501 2662 4552 7181
664 2662 9061
1501 7181 9303
70 4991 7181
1501 7181 9303
1501 4991 7181
2662 7181

5344 9256
5344 9256
5344

1566 3488
1566 3488
1566 3488
1566 3488

7035

3529 6143 9529
3529 6143 9529
3529 6143 9529

5529

842 1641 5961
1641 3638 5868 6789
1641 3638 5868 8167
842 6809 7175 8167
928 1641 2046 5756 7175 7467 8167 9749
928 6415 7175

1534 9444
7144 9444
3195 9444

4292 5352 9874
5253 5352 5804 6207
5253 6207
5287 8752 9874
5253 5352 5804 6207 9874
5804
5253 6207
5253 5804 6207 9874

1580 2659 8126 9341
2659 8505
2659 8505

7979
3038

3923 9061
3923 9061
3923
9061
9061

7002 9608
7002
9608
7002
3210

847 4035 4621 6411 8412
4035 6634
847 4035 4621 6411 9804
759 4405 9804
4239 6583 9529
6583 8412 9529
4239
847 4621 6411

5465 5804
2695 5804 6823
5060 6823 9013
652 7728
5465 5804 6823

1726 3704 6568 6888
1726 3704 6568 6888

2924 3740 5394 5419
2924 4160 5394
2924 5394 8350
2924 3740 5419 5529

6730
6730
1721 6730 8032
6730 8032
6730 9990
6730

40 5216
40 5216
40

2192 9668
2192 9668
2192

703 6553

1733 2866
2866
2866
2866

3474 7864
3474 7864

7195
3297

831 2380 3712 7887
3638 3712 5868
3712
8494
831 2380 7887

9325
9325
9325
5729 6820

722 854 1935 2701 4505
854 1935 2248 2701
722 2055 4505 5251 9299
2701 3167 5853 7538 9358
2382 2701 5251 5651 5771

2152 2977
527 3824
527 3824
527 2152 2977 3824 6996

2878 3905 5766 8743
91 3905 8743 9096
34 91 2878 8743

34 815 2226 7357 7647
34 1977 7647 8412 9298 9971
5168 7357 9298 9971
34 2055 2226 9298 9971
7357 9298 9971

5737 6326 7291
5737 6326 7291

2227 7731
1118 5026 8581
2227 7731 8032
1118 2227 8032

2014
2014
2014

4889 5893
636 3981 4889 6502
5264 5893
5166 5264 5893
4889
2055 8018

2439
2439 5637 8090

989 7164
1027 9466
430 1537
9994

5405
5405
5405
5405
5405

777 6545 7501

97 5438 9780
9780
9780
97 5438

1828 7317 7769

5663 5785 9935
3816 5663 6877
3181 3816 4127 6842 9285
3816 9482
3816 4127 5663 5679 9285
6842 9482
3816 4127
4127 5663 9285 9482

360
360
360

2924
2924
2924

4292
5287

5729 6296 6820
2976
659 5729 6820 9241
2976 6296

1011 5352 5391
1011 9789

7043 7775 8208
2125 5062 5714 7043 9569
7043 7775 8208
5062 5714 7043 7775 8208
727 5062 5714

1715 2336
1715 2336
1715 2336

364 5057
364 5057

2952 7142 9335 9803
2952 7142 9466 9803
2952 7142 9466 9803
2952 7142 7728 9327

723 2867
723 2867

5889 7032 7159 8617
1290 7032 8029 9703
1290 2179 5889 7032
1290 5889 7032 7159 8029
1290 5303 7032

2959
366

1402 4188 5132
5132

8480
8480
8480
2941 8480 8722

3604 7599
3604 7599

3749 7998 9463
7998 9463
162 7998 9463
9463 9666

2685 4468 5990
4468 5990 9228

115 4649 9446
115 4649 9446
115 1718
4649 9446
1718
4649 9446
1718

1726
1726
1726
1726
1726

761
761

800 9022
800
9022
800 1637 4860 9022
1637 9022
800 9022

3558
1039 9849
2455
8825 8897
4415 5804
2455 3378
5459 5804 5919
1411 6569

4681 6257 9440
5391
3683 5622 7876
4681 5622 6257
4681
6257 7876
4681 6257

42 2404 4238 6914
1566 3488
42 1566 3488 4238 6914

26 1633 3525
26 1633 3525
26 8046 9427

7017 9431

4423 6431

6284
6284

7427
7427
3089 7427
7427
3089

7125
3062 5685 6843 9372
6843

6515 9643
2901
2901 6572
2901 9419
2192 2901 6212 7085
2901 5983
2192 6212 7085 9100
2901 6515 9100 9205
798 2901 6212 7085 9075

528 2652 8969
8969
8969
528
528 2652 8969
2652 8969

115 527 2701 8650
419 2701 8650
2701 4735
419 2701

1536 2277 4065 4577
4065 4577 9274
4065 4349 4577
4349

3617

1290

8617

3167 5853 9358
5207
5207 6266

5352

1566 9022
1566 9022
1566 9022 9569
3612 9022 9569
1566 9022

4226 5837
4226 5837

54
54
54

5804
5804
3485 5804

3704 4317 6568 7195 9521
147 593 1824 4959 5408
761 9804
2354 3297 9777 9992
593 761 2715 3144 6356
593 3197 6891 9992

4830
4196

1393 5092
701 4037
3638
1393 5092

823 1771 8802
838 3291 6052 8534 8802
1771 8802
823 8802
823 8534 8802
823 8802
823 838 6052 8802 9923

1633 8316 9012
3883
3770 8316 9012
1633 1946 3770 4683
1633 3770 5101
1633 1946 3770 4683
887 1633 3883 8316 9012
1633 3770
3883 5662

2574 3712 6122 8029
3558 3712 6122 8029
2574 3186 3558 3712 6122
2574 3558 6122 8494

5112 7251
5351 7709
4000 5764

3704 6568 7998
7998
7998
9666
3704 6568 7998

2704 5069
5069 8638

4998
4998
5517
5517

4830
4196
4830

3941

4786 5268 6082
24 316 6754 9630
4786 6754
4786 5189 5373 6082 6754
577 4786 5189 5373

2499
9508

2363
9193
2571 9193
2363
1590
2571
1590 2571

7247 7792
7992
7992
7992

9114
9114

2846
2846
4423 6431
577 2846 3496 4843

5733 6173
5733
5733 6173
5352 5733 6173

3071 6818

7114 8921
5961
7114
6375 7605 8401
9285
9285

914 1641 2856 3932 5893
2354 3992 5893 6842
1641 3460 3644 3712
1883 3636 5893
914 2856 3144 3932 6356 6809 8179
1641 3992 5586 6842
1158 1641 3992 5272

284 2941 8722 9401
284 2062 6001 9401
284 2977 4488 9401
284 2062 6171
284 2062 9401

1637 6616
1637 6616
8042
1637 8042

7792
7792
7792
7792
7792

1210 6902

2438 4513
590 2438
5285 5487

400 4149 5841 7756
400 4149 5841 7756
4149 5841

2701 9440
2701 6337
2701
6337 9162
7876
2701

4691

2404 8167
8167
2404 9140
2404

1992 8331
1992 8331
1992 8331
1992 2560 5120 6568 8331
1992 8331
5323
932 1992 8331
137

283 1807 1934 2659 2685 3040 4733 5493 6312
1934 2659 4733 5493
1807 1968 2659 4733 5493 6312
1580 2659 3040 4733 5493

5034 7134 8920
2014 7134 8920
1038

5766
4017
7731
5026
7731 8482
4017

2711 5057 7158
2711 5057
2711 5057
2711 5057

137
411 4276 9928

9052
9052
4239 9052

2023
2023
2023

5663
5663
552
5663

8262

5663 7998
5663
89 4162 9330
7998

754 4299 9768
7125 8974
8974 9857

4821 7775 9303
4821 7775 9303
4821 7775 9303
4821 7775 9303

1779 7032
1779
1779 7032
1779

3460 3712

1434 9612
341 1434

26

3712
312 3419 5304
3569 7942

7029

3985
3985
3985

1807 3509 3923 7911 8802
3509 3923 7911 8802
1319 4681
1807 3923 6312 8802
1319 4681 8802

2023 2240 3245 7125 9344
72 1130 3258 4953 8580 9184
72 1930 2023 3258 8580 9184
1930 3617 5517
4953 5517
1130 3258 5041 8580 9150 9910
72 163 552 1130 2479 4998 5804
2023 2479 3245 5804 9184 9344

2153 6721
7229
8601
125
125
125 7229

9028 9174
1526 9174
5210 7778

3189 9381
32 1393 5092
32 3189 6191
368
32 3189 6191 7619 7749 8646
1393 3189 5092 6191 9381

8219
5069
8219

72 1387 4946
72 1387 4946

1305 2227
1305 2227

6257 6855 8775
3012 5253 6207 6257
5253 6207 6257 6855
3012 6257
5253 6207 6257 6855 7458 9402

8208
6818
6818

3308 5343 7931
3308 5343 7931

6031 7728 7961 9327
6031 7961
6031 7961

1088 6842 7562
7165
1088 3291 7931
6842 7165 7562
187 3291 6842

7278
7278
7278
7278

7125
7458
7125
7125 7458

5152 8495 8754 8881
5152 8754 8881

443 3403
443 3403

6149 6624 8619
598 981 1240 6149 6624 8619
598 8619

3539 4807
4807 7346
4807 7346

6084
6084

1566 3488
1566 3488
1566 3488
1566 3488

7644 7718 9567
7644 7718 7727 9453 9567
2777 7718
7644 7718 7727 9567

4962 8300
4962 8300
4962 8300

3660 6549 7160
1668 7160
1668 3660
1668 3660 6549 7160
1668 6549 7160

181 1215 9406
6050 7992

4420
4420 5639
4420 5639
4420 5639
4420 5639

9888
2500 8545
2500 9888
2500 9888
8545 9888
9888
2500

4567 6375 7605 9314
125 6375 7605 8401
125 1807 6312 6375 7605 8401

723 2704 2867 7088 9126
2867 7088 8638 9126
2704 5268
2704 5268

274 4634 5419 6571
4681 5419
4681 5419
274 6571
274 4634 4681 6571

274 6571 8811
274 6571 8811 8985 9608
274 6571 8985 9608

823 8974
852 8974
823 8974
8974

26 9181 9900
26 2752 8544
3994 4213 8184 9900
169 2752
26 2752 3697 9181 9900
2752 3697
26 2752 7448 9900

9923
2701
2701
2701

1393 5092 9298
5871
9298
1393 5092
9298
5871

1957 2227 2433
1526 8581
1957 2433
1957 2433 3992
9 1526 1957 2227 8179
2227 2433 2896 8784
2227 2433

7088 9126
7088 9126
3496

1946 4683
1221 1946 2984 4683
1221
1221 1946 2984 4683 6835
1221 8109

1430 7279
1430 7279
2701
1430 7279

823
2938
652 2938
652 823

6482 6887

6692
6692
4892
9075
6692

2240 4842 7125 9340
727 9236
727 2240 7125

7738
1503 2722 8119
1426 7738 7801
834 5126 7029 8119 9096
834 1503 2722 5126 7029 8119

3923 5286 5957 6374
3923 5627 5957
8412 9682
5359 7968 8714
8412
3687 3923 8412
712 5025 8412

3294 3396 3518 9270
474 3396 4634 9270
474 4658 6325
3396 3759 9270
3485 3612 3759 6325
474 3396 9270
745 2625 3396 3485 3612 9205 9270 9505
474 2114 3612 8042
474 2114 3294 3612 5285

4885 6212 8544
3994 4213 4885 6212 8184

1668
3682
1668 3682
1668 3682

754 2901 4299 9768
754 2901 4299 9768
2901 4444
754 2901 4299 4444 9768

6031
1641
2020 4208
1641
2020 4208 6031
6809
1641

97 552 1955 4646 4811 5438
97 552 1955 4646 4811 5438
552 1955 4646 4811
552 1955 4646 4811
97 552 1955 4646 4811 5438

6084
4429
6084
4429 6084
6084

2499
9508
9508
9508

2499 4870
4870 7074 9508
2055 5251 9508
3567 9508 9608
4870 9508

1426 4830 7801
1426 4196 7801
1426 7801
1426 7801
1426 4196 7801

2226

89 2454
89 2454 7282
2454 4786 7282
89 4786
89 2454 7282

9900
9900
9900
9900
9900

4728
4728
4728

5089 7473 8391
306 5089
5089 5983
306 5089 5983
5089 7473 8391 9643

3717
97 3717

3561 4017 7032 7074
7032 7074 8119
4017 8119
3561 4017 9096
4017 7074 8119
4017 7032 9096

5602 6692 7009
1550 4778
4179
5602 6692 7009
4179
1550 4778

606 717 6257 9202 9298 9381 9971
606 717 2107 6257 9202 9298 9381 9971
2107 6257 9298 9381 9971

3607
2227
2227
719 2227 7285
2227

6093 8426
893 8029 8426
1383 8029 8426

552 4811 7165

2361
2361
2361 8752
8752

97 364 5057 5127 5438
97 5127 5438
97 364 5057 5438

4966 5492 8117
5492
4966 5492
4966 5492 9087
8117
7372 8117
8117 9087
8117 9087

5062 5714
5062 5714
1508 5062 5714

433 3816
433 3816

754 4299 4851 4920 9768 9973
754 4299 4851 4920 9768 9973
4851 5293 9973
754 4299 4920 9768

2091 3957 7248 7738 9344
577 2380 3109 6813 6818 7248 7738
2361 3109 3957 7248 7916 9344
2361 3109 5216 6713 6813 7248 7916
1973 3109 3569 5602 7248 7738

4772 8143
4203 8143
4203 4772 8143
4203 7513 9569
8143
8143
8143

366 3258 6238 8580
366 3258 8580
366 3258 8580

727 5591 7829
727 918 2977 5591

9381
7267
3606
4634 7267 7302 9381

4633

367
367

1457
5394 8888
612 3152
8888
612 8888
5853 7710
612 8888

1909 5641 8889
1909 3573 5641 7910 9993
3573 7910 8889
1457 1909 3573 5641 7910
1909 3573 4317 5641 7910
612 1909 3573 4317 7910
3573 4317 7910 8889 9993
612 1210 5641 9835 9993

541 3453
541 3453
541 3453

1930
722 1930

4065 4577

183 4222 4436
183 4222 4436

4728 5529
4728 5529
3540 4728 5529 8770
2415 3578 4728 5529 6808

1930
5041

4429 7882
4429 7882
4429 7882
4158 4429

7979
3038
5753 9474 9994

318 1290
1290
318 1290
318 1290

1492 7142 8152
1537 5591
1719 5591 7142 7195 8132 8985 9230
1719 6502 7142 8985 9377
2711 7142 7195 8132

3089 9484
3089 8144
3089 7091
8144

2666
2666
2666
2666
2666

6532
1973 4335
1973 4335
6532

9087
9087
9087

5253 6207
125 5253 6207
5253 6207
5253 6207
125
125

713 4292 6533 9087
5323 5733 6533 9087
932 3547 5733 9087
5733 9087

6549 7160
6549 7160
6549 7160

1667
1667

1992 6692 8331
4809
1992 4809 8331
1992 6692 8331
1992 4809 8331
1992 4809 8331
1992 4809 8331

3770 9804
3770 6751
3770 9804
3770 9804
3770 9804
3770 4811

8152

26 847 4621 6411
26 847 4621 6411
26 759 4405
26 847 4621 6411

2167 2499 7279
2499 7279
2167 2499
2167 2499

2046 3693 6570
3693 3704 6568 6570
2046 3693
2046 3693
3704 5983 6568

4127 4455 5729 9285
4455 5729
612 4127 4455 9285
612 4455

26
26

3294 4244 7278
515 4244 4658
1215 6690 7278 9406
7278

693 4649 9446
4649 9446
4649 9446
4649 5812 6848 9446

2059 9835
354
2059 9835
723 815 2867 9835
815 2059 5954 6282
3203 9835

838 2023 6052
838 6052
2023
838 2023 6052

1167 1945
7675 7992
7992

9111
9111 9953

1614

5391
5391

6971
5049

2591 3355 5591
2591 3355 5591
2591 3355 5591
2591 3355
2591 3355
2591 3355 5591 7458

7968 8714
596 7968 8714
7968 8714
596 7968 8714

2777 7775 8208
2777 7775 8208
4496 7775 8208

2462 3291 5591
692 3291 5591
3291 9377
692 2751 3291

3923 5804
3923 5804

2685 5069 8920 9912
2685 2773 3283 4057 5069 7125 9912
2685 4735 5069
2685 4735 5101

2189 8029
2189 8029

7248 8611
147 4001 5408
147 1807 5408 6312
147 5408
147 5408 8611
3557 4160

4043 5262
4043 5262

981 1240 3040 3858 5019 6255
981 1240 3040
981 1240 3040 8796

6835 9082
6835 9082
6835 9082
6835 9082
6835 9082
6835 9082

1026 4460
1026 4460

8715 9994
8715
806

1974 5957 9668
1974 5957 9668
1537 1974 5957

3942 5752
5752
3008 3942
2540 2780

723 2867
723 2867
723 2867

1922 2441 8495
1922 2441 6284 8495
759 4405 6284
847 4621 6411 6607 7209 7718
2112 7209

83
1813
83
83

1986
1147 1986 4859
1986 6823
1986 6823

6110
6110
6110

3459 4691
3459
3459 3770
3770 3906
3459 3770
3770 3906 6254
3883 3906

3682 4429
2192 3682
3682 4429
3030 9116

5529
5602 6692 7009
4179

739 981 1240 1986 2536 5638 7165 7731
739 1986 5638 7165
739 981 1240 1868 5638 8152
739 3712 5344 5638 7165 8152

2958 4633 6084 7710
4633 6084 7710 7864
4633 7710 7864
2958 4633 6084 7820

1769 7032
1769 7032 7133 8117
1290 1756 1769 7032 8117
1756 8117

5253 6207

419
419 3938 4779
215 4779
7807
215 419 4779
419 4779

6658
989
8982

1430 7279

612

4444
4444

393 520
624 2715 4781
1342
2715 9031
3098 7080 7718
624 800 2940 4781

2846
2846 3258 8580
981 1240
981 1240 2846
2846 3258 8580

9643
2907 4813
9643
9643

1393 3245 4463 5092 9344 9444
3600 4463 5899 9900
3600 5663 7619 7749 8646 9900
3245 3600 5663 9344 9444
1393 5092 9444 9900
1393 3600 5092 5899 7042 9900

2380 2381 4017 5145 6440 6533 8309
2380 4017 5145 6440 6533 8309
2381 4017 9412

5517 5889
5517 5889

3753
7011
3753
3753 7181
3753 3965

7042
444 7357
6657

5529
5529
5529

3573 7910
3573 7910

7968 8714
7968 8714

2434 2701 3485 7968 8354
2528 4410 4795 5285 8581
596 2701 4410 4795 5285 8581
2701 3485 8354 8617
4795 5285 7666 8354
2434 4410 8426 8581
1515 2528 2701 4795 5285 7968
2701 4795 5285 8354

1986
1986
1986

7562
1092 8316
1457 5419 7562
612 5419 7562
612 1092 7562 8316
8316
612 5419

3506 6173 7088 7211 8985 9126
1884 2830 5351 6173 7088 7211 9126
1884 2830 5351 6173 7088 7211 8985 9126

367
367
367

6607 8459 9114
6607 8459 9608
3349 6607 9608
6607 9114 9608

6634
6634
6634
6634

360 5762 7019
360 5762 7019
360 5762 7019

7751 9939
9939
196 5377 7775 8208
6431 7751
7751 8167
1137 6431 7751 8381
9939

1957 4597

9348
7279

510 1566 2240 3488 7125
1986
1566 3488 6416
1566 3488
510 6416
72 6416
72 6416
510 6416
2240 4021 6416 7125

8070 9823
8070 9823

8481 8583
8481 8583

162 5284 7857
162
162
162
162
5284 7857
162

5069
5069

2380 8128
4276 8128 9928

4444 4830 5672
4196 5231 5672

108 1552 5465 6115 7961 9096
108
108 1552 5465 6115
5465 6245 6862 9052 9939
2772 6115

1118 4633
1118 4633

5139
5207
5139

433 2023
433 2023
433

5517 8078 8482
5517 8078

5954 6282

8119
1580 8119
8119
283 2685

1210

2698 5752 8666 9285
360 2698 5752 9285
3214 9143 9285
1426 5652 9285
3214 8459 8666 9143 9835
356 360 3043 8459 9143
360 3008 3349 9835
1426 2540 2780 8459 9143
5752 8459

414 2907 4813

72 4946 8119
8119
5903 9059
5903 8119 9059

2488 8889
2784 6701
2488
2488 8889
6701
8889
553 9393

2091 4313 4733 8974
2091 4313 5876
2091 4313 5876
880 2091 4313 4733 6221 8974
2091 4313 4733 8974

4348 5352 6105
42 5352 6105
5352 6439 8262
5352 6439 7413 8262
6105
6439 8262

3189 9389

5352 5361 7324
4438 5361
4438 5352 5361 7324
4438 5361

8479

6286
7035 8386
7035 8386

1614 7125 7864 8443
359 5519 6293 7125 8443
2958 3218 7125 8443
1614 3218 7340 7864 8443

8558
419 8558
9381
419 3606 8558
8558 9381

8889 9777
2020 2784 4208 6701 9348 9777
2020 4208 8889 9348
6701 9348

7829
918

912 1769 8006
912 1769 8006
912 1769 8006

9706
4552
1549

4795 5285
4795 5285 5923

3905
3905

834 5126 7029
834 5126 7029
834 5126 7029

2941 8722
8722

97 3060 3333 7282
97 1266 3333
1266 2943 7834 7951

8885
8640
4742
4742

6823 7267
6823 7267

8479
8479
5384 8479
7175
8479

999

9939

1930
3046 8681
3046
97 5438 5613
1930
3046 8681

362 832 8412
832
832 7144
362 832
832 2240 7125
362 832

2183
2361
2183 2361
852 2361
9402

5787
5787
5787
5787
5787
5787

4742 7138 9654

474 4292
4463 5287
4292 4463 8352
4463 8352
4463 8352

8348
1305 2227
5862 8348
1586

1516 2433 4438
1516 2433
1516 2433 4438

8617
9703
2179

1536
9052 9892
1536 2277

8219
5069

2292
2292

125

800 3992 5391
800 8179

5919 9704
5919
5919 9704
9704
5919

2381
2381
2381

147 5408
147 5408

2007 3816 7017 9431
2007 3816 5663 7017 9431
2007 5044 5663 7017 9431
5044 5663 7017 7907 9431
5044 7017 7907 9431

1457 8261
8261
612 6701
612
1782
612

5257 5331
5257 5331
5257 5331

7876
7876

7968 8714 8947
3048 4203 7624
4920 9031

7194
7194

170 7958
170 7958
9061
2685
170 2890
170 9061

9328
5841 9328

3308 5343 7931
3816
360 3308 5343 5762 7019 7931
7644 9567
7644 9567
360 3816 4860 5762 7019

7549
7549
7549
7549

1566 2952 3488
2247 2952 6398 8590
724 2952

125 1322
125
364 5057
125 1322 8437

4017
4017

4244 7304
5616 5733
4244 5616 5733
5733 6690
5616 5733

1718
1718
1718 2440

2052

3612 8412 9682 9804
8412
3612
3612 9804
3612 8412 9682 9804
8412 9682
8412 9322

6532 7088 8829 9126 9692
2711 5057 6532 9692
2711 5057
2711 5057 7088 8829 9126
2711 5057 7088 8829 9126 9692
2711 5057 8829

5447 5493 8666
2652 5447 5493 8969
2652
5447 5493
2652 7440 8666

4953 5616 7658

1141
1141 6934
3091

2659 4735 5083 7544 8036

5865 9446
393 8974
7820 8106 8974
1009 1342 7820 8974
7718 7820 8974
800 2940 2999 5865
5865 8974

6422
6683
6422
6422 6683

1393 5092
2973 7619 7749 8646
1393 5092

4410 4552 8426
4410 8426
4410 5132
4410 4552 8426

6355
6355

2455
2455

8553
3529 3539 6143 7573 9529 9607
3539 3749 7573
2294 3529 6143 8553 9529
2227 3529 6143 9529

6245 8271
8005 8271

2777 7032
799 1844 5405
1844 3339 4300 7032
1844
1844
2777 3339 4300

5804 7751
5804 7751
5804 7751

3704 6568 9407
9407
3704 6568 9407

3305 7573
7573
3305
3305
3305

8459
8459
3349
8459
8459

8069 8617
8617
8069 8617
6325 8617

1026
1026

1536 2277
1536 2277 3612
3612
1536 2277 3612

2786
4540 5271 5528
4540 5528 7851 9559

5517
5517
5517

2462 8544
6439 8262
692 2687
692 999
5709
2687 2882

3642
3089 4552 7738
4552
3089 3642 7738
3089 7916
3642 7916

1387 4855
852 2152
852 2152
8775
8775
1387 2152 4855 8719

999 9328
4065 9328
7317 8376 9328

2227 7232 7880 8777
4438 8777
2192 2227 4438 7232 9697
852 2227 4438
2192 2227 2695

4420 5639 7692
4420 5084 5639 8754
4420 5639 7161 7692
4420 5084 5639 6934
4420 5084 5639
4420 5084 5639 7692
4420 5084 5639 7692

1403

748 3819
748 3819
748 3819
748 3819

4616
4616
4616

7619
3566
7619
7466 7619
3566 7466 7619

91 4885 6212
91 7642 9462
6348 7562 7642 8280

7133
169

3660

5447 5493
7440

9823
9823
9823
9823

6439 7583 8262
2488 6439 8073 8262
999 2488
5709 7583 8073
2488 2882 7583

6842 7248 8829
7931
6842 7248

312 4830 7992
4196 7992
312 4830 7992

1779
1779
1040

4965
4361 7385
4965
4965

1503 2722 7992
7992 9704
1503 2722 7992
1503 2722 7992
1503 2722 7992 9704

800 5189
800 5189
529 800
529 800 5983
800 2365
1948 9694
529 5983

8885

3308 5343 7931
3308 5343 7931
3308 5343 7931
3308 5343 7931

685 1527 1748 4991 6255
5402
1527 4991 6255
1527 4991 5507 6255
1527 4991 6255

1554 7097
1554 7097
1554 7097
1554 7097

2777 3428
3428 9114
2777 9114
2226
1496 2777 5132
1496 1756 3428 5132
1496 1977 5132 8412

3540 8770

2813 7285
3046 5804 7232 7880 8078 8482
1830 5025 8078
1251 7785 8381
8078 8482
7232 7880 8381

2345
6439 7078 8262

3210
3210
3210
3210
3210
407 5179

8229 9939
2646 5782 9939
196 8229

3189
5331 8982

2924 5139 7182 9804
3710 4652 5139 9804
7182
2924 5139 9804
2924 5139 9804
6258
5139 9804
1686 2924

2652 5352 8969 9867
2652 2959 3704 5352 6568 8969
2666
366 2652 5874 8969 9383
1147 1960 2652 2666 3704 4634 4859 6568 8969
1147 2020 3704 4208 4859 5352 6568
3704 4017 4420 4429 5352 6568 8969
2192 2652 2959 5352 8969

8433
1496 8433
1496 8433

3525
3525
1306 8012 8046 9427
7709
5361

2967 5227 6569
2967 5227 6569
2282 2919 5227 6569

4212 8601
4212 8601

4966 5492
4966 5492

3753 7461
7461 9643
2572 5496 9643
9643
2652 7461 8969 9643

9022 9643
9022 9643

3816 6025
3816 4127 4691 9285
433 4127 9285 9402
433 4127 8298 9285
433 3816 6146 9293

506 9344
506 9344

411 2136 6871 7068 9396
411 2136 7864 9396
411 2136 2540 2780 9396
411 2136 9396
411 3973

9028
4969 9691

419 1964
419 1964
419 1964
4582

3660 8194 9585
3660 8194
3660 8194

364 5057 6818 8611
1387 6818 8167 8611
364 1387 5057 8611
137 364 5057 6818 8611 9174
7778 8611

699 8777
741
699 4437
1964
1964
741 822 1964
699 6303
2612 6303
2612

904
904 6549 7160
904 6549 7160
6549 7160

834 5126 7029
834 5126 7029
834 5126 7029

5983 7958
1501 7958
1501 9061
306 1501 2685
1501 2890
5325 5858 9061
1501

3816

4842 7758 9340
9236
9236
7758 9236

4991
4991

4616 6515
1182 6515
4616
1182

1784 2574 8969
1784 2652 8969
1784 2574 2652 5285 8969
1784 2652 8969
1784 2574 8969
1784 2574
1784 5285

1290 1718 4634
1718 4634 9922
1290 4634 9922
1290 4634 9922
1290 4634 9922
343 1290

324 3770 5293 6549 7160 8481
324 1779 6499 8481
324
1779 6499

952 1771 2055 5251 5804
952 1771 2055 5804
952 9743

6162
6284

7775 8208
7775 8208

2846 5384
2846
2846 5384

9962
9962
9962
9962

433 536 2752
433 2752 7647
433 2752
433 2752 7647

6105
6105

2131 6914 7133
5439 6914
169 2131 6914
169 5439 6914
934

2007
2007

1492 8152
1719 8985
1719 8985

1215 7267 9406 9706
1215 7267 9154 9406
1215 5679 7251 9154 9406
3420 5351 9154 9733
5 1215 5764 9406

5044
8666
5044 8666

9184
2832
4733 8974
3617 9184
3282 3617
3617 4733 8974 9184 9670

2325 2938
2325 3637 5419
973 2325 5419
2325 6835 9441
2325 6835 9441

3304
3304

4830
4196
4830

4455

9134
2701
2701 9134
2701 7165 9134
7165 9134

3573 7910
3573 3612 7910
3573 7910
3573 7910
3612
8921

2204 4616 5139 9114
4616 5139 9114
4616 5139
4616 5139 9114

6122
4860 5189

1602 5112 6979 8007 8459
3710 8109 8459
3349 3710 8109
3710 5378 8007 8109 8459
8007 8459

6439 8262
9184
3518 6439 8262 9184

343
343
343
343

3516 4212 4965 6355 8152
2924 3516 4965 8152
3516 5871
3516 4212 4965 6355
520 3516 5871 6355
520 3516 4965 5871
3516 6355 6464 9930

590
590
590 752 4283
752 4283
590

3753 8412
4331 8347 9402
8347
1436 8412 9682

9997
5076 6803
9997

2752
2752 5121
2752
2752
2752 5121

3594 4609
4609
4609
3594 4609
7018

1457 1501 2952 7473 8391
362 2438 7473 8391
362 2438 8262 9683
362 1501 2438 7278
1457 1501 2438 7278 8262 9683
1457 2952 7278
362 1457 1501 2952

8069
7817 8285
8069
2976 6325

2695 5303 6658
989 2695 5303 9348

9154
9154

8885
8640 8714
4742
7968 8714

4920
4920
4920
4920
4920
4920

2846 7181
7181
2846 7181
2846 7181
9143

7731
5026

1147 4859 9018
1147 4859 9018
1147 4859
1147 4859 9018

8537
2152 5145 6440 8309
2152

1402 4188

7074
115 6409 6419 8262
115 552 904 4811
2147
8262
115 552 4811 8262 9116

3243 3770
3243 3770

852
852 7279

8141
8141

7961 8537
2152 2528
2152 7347
6048 7961 8375

2952 3294
4658
2625 9505
2952

4634 5529 7302
4634 7302
4634 5529 7302
4634 7302
5529

9407
9407
9407
9407

3569 6791 8385 9151 9643
5517
2463 6751 7710 9643
89 5517
2463 5517 7710 9643
89 2463 9643
5517
2859 9643

3992 7251 8542
3649 5351 8114 8179
3992 5728 5764

1011
1011 2521 9804
1011 4735 7544 8036
1011 6751
1450 7673 9804
1011 9804
1450 7673 9804

4468 5990

3759 3900 7961
3759 5271
1221 3759
1648 3759

3816
1415 3816 9459
1415 9459
1415 9459

1114
1114 9114
1114 9114

5487 7706 8666
5487 8666
800 1117 3643 7041 9529
1117 3339 4634
800 1117
1117 8666

1337 2440 4317 8506
1337 2354 8506
1337

1215 5983 6353
1215 5983 6353
1215 5983 6353
1215 5983 6353

7876
7876
1069

3522 6403
5285 5737 6326
7291 9389

1633 9994
8279 9466
430 1448 8455

9190
9190
9190

5112
5112
5112

9328
9328

97 4463 5438
97 5438
4463
97 5438

1430 5663
5663
1430 4162 9330
1430 4162 4348 9330
1430 4162 9330
1430 4162 9330

287 7807 8414
287 6185 8414
287 8414
6977
287 6185 8414

1221 6422
220 6422 6573
6422
1221 2777 6422
2777 9816
5447 5493
6422 9816
1221 9816

2114 6234 6355
2114 6355 7758
6355 9061
2114 6355 9061
2114 7758 9887

312 7267
312 5293

3704 6568
3704 6568
3704 6568

1141

3759
3759 5084
3759
3759
3759
3759 5084

2046 3693 7775 8208
7775 8208
5079
5079

3816 9184
3816
9184
9184

5640

4236
4236
8277

8888
5737 7291

806
806 9632
2299 4685 9632

6532 9736
1856 3403 4931 5274 6422 6532 9154
91 598 7656 7824
6234 6422 6532 9035
125 1856 3403 4931 9154
598
125 1552 6234 6422 6532
91 125 4838 6532
4928 6532
91 125 9154
91 1552 5274 6422 9154

2226 9780
2226 9780
2226 9780
2226
2226 9780

5132
1668 8715
1668 5132 8715
8715
42 4238 5132 6914
8715
1668 5132
1537 1668 5132
1038 3396 6742

1503 2722 3753
3704 6234 6568 8506
1503 2722 3704 3753 6568
3704 5602
3704 3753 4597 6568
3268
1503 2722 3753 6234
3210 6505 9879

1426 5228
1426 5228
1426 4046
1426 4046
4046

8777 8829
455 1312 7516 9359
455 6843 7516 9359
7516
1171 8777

1129 1607 9867
659 1129 9241
659 1129 1960 9241
659 1129 3816 4429 9241

2172
7422 8069 8669

4464 5080 7213
5080 7213
1011 1836 5080 7213

2454
2454
2454
3649
2454

6818
4103
812
812

6337 9285
4742 7824 9285
6337 9035 9285

4447 7282 9503
4447 8106 9503
4447 7282 9503
4447 7282 7718 9503

1668 3522 4552
1074 1668 3770
1549 3770
1668 9389
3770
1549 3770
1668 3522

2294 3607 4444 9939
2294 3607 5231 9939
630 3607 8073
2294 3607 5231 8354 9939

1957 5838 8053 8426
1957 8053 8426
1957 5838 8053 8426

7594
6572
9419

2227 2499 9143
8581 9143
2227 2499 9143

5251 8132
1256 2846
306 2433 4212 8601
306 2433 2846
2433 4212 8601
2433 2846 4212 8601
4212 8601

6352
3642
3642

3471
2938 3471
3471 9134

2952
212 2591 2952 3355 4438
212 2952
1807 6312
212 1807 6312
2952 8132

1393 4779 5092
1393 4779 5092

678 4735 7544 8036 9155
678 4735 7544 8036 9155

606 2114 2385 2813 7251 7285 8138 8443
823 5086 8443 8881
8443 8881
2385 5638 8138 8881
823 6502 8881
606 2114 5638 8443 8881

139 742 8426
2894 8426
6374 8426

4355 6692 7014 7411 8470 8630 9521
3716 3808 4287 7278 8396
3808 4287 6692 7278 7411 8396 8630
1824 4959 7411 8630 9075
3716 4287 4355 6692 7014 8470
761 3716 4287 4355 7014 7278 8470

5384 9390
5384 9390
1026 5384
1026 5384 9390
1026 5384 9390

2534
2534 6994
8595
784 1448 8455
2534

3569 9151
3569 9151

2 1516 1909 3361 3485 4953
274 2433 6165 6257 6571 6835
2 274 1909 3361 4464 6257 6571
2433 3485 4953 8277
1011 1836 2433 6835 8277
2 1516 1909 2433 3361 4953

6257
6257

258 8375
258 8375
258 8375

2380 9285
1614 4276 8974 9285 9928
1025 1614 8614 9285
1614 9285
9285

7549
7549
7549
7549

4132 5513
4132 5513
4132 5513

8506
8506

6337
6337
6337

7470
7470
7470
692
692
7470

287 8412 8414 9682
6122 9682
2385 8138 8412 9682

852 8479 8620
783 852 8479
8479 8719
7175

9407
9407
9407
9407 9993
9407 9993
9407
9407

2136 9396
2136 9396
2136 9396

4149
4149
4149

3573 7910
3573 7910
3573 7910
5517
5517
3396

1667 2062
2499
4488
5790 5957
1667 2062 2499
287 1667 2062 2499 8414
287 2499 2813 5790 5957 7285 8414

2438 8542
2438 8542
2438 8542
2438 8542

2499
9508
9508
9508
9508
2499
2499

4444
4444
4444 7807

2023 2984 3699 4565
360 2023 2878
2878 5602
360 2023 2878 6084
3699 4565 8901
2023 4129 6084
2984 6084 8901 9639

5663
5663
5663
5663

5465
5465

5019
2210
806 1537
5019

731 3203

366
366