105.000000 80.000000
110.000000 100.000000
125.000000 125.000000
115.000000 180.000000
135.000000 220.000000
145.000000 240.000000
160.000000 260.000000
105.703583 80.057945
110.561958 99.929352
125.460983 124.912125
115.279800 179.944672
134.965698 219.877426
144.981018 239.997330
159.951477 260.009827
106.156654 80.044235
111.238541 99.926331
126.077736 125.456543
115.562408 179.969284
134.886719 219.528549
145.180603 240.151550
159.977570 260.064606
106.549934 79.936401
111.562317 99.916328
126.296577 124.925056
115.580330 179.985687
134.880753 219.482132
145.180054 240.152115
159.853409 260.011841
106.948708 79.812607
112.044884 99.901894
126.541786 125.035324
115.990654 180.009933
134.951965 219.651474
145.080688 240.215027
159.869614 259.992126
107.494774 79.667778
112.474846 99.774384
126.695801 124.844955
116.228973 180.026840
134.967804 219.682419
145.080582 240.213043
159.857315 260.026184
107.916077 79.901810
112.838234 99.972488
126.874695 125.158821
116.396385 180.076874
134.980362 219.763840
145.171387 240.197495
159.875427 260.034851
108.252701 79.627945
113.228737 99.873718
127.125023 124.519623
116.639343 180.077545
134.935486 219.634064
145.244034 240.049744
159.865448 260.019165
108.503044 79.744713
113.484489 99.879608
127.316536 124.750046
116.656921 180.067093
135.201813 220.241959
145.233475 240.063721
159.886108 260.044037
108.799774 79.506935
113.777489 99.851593
127.366982 124.603676
116.856079 179.894394
135.162628 219.692276
145.033447 240.333282
159.892090 260.052460
109.060974 79.424652
114.218529 99.887978
127.554840 124.331482
117.175179 180.191422
135.374634 220.394409
144.727936 240.738663
159.884460 260.043091
109.684158 79.574791
114.467201 100.114853
127.879936 124.600739
117.198189 180.163452
135.382568 220.395004
144.760803 240.808380
159.769394 259.981140
109.931053 79.503029
114.742340 99.844025
127.985268 124.330978
117.367477 180.169601
135.457001 220.500748
144.762604 240.808762
159.767349 259.974976
110.109680 79.551163
114.989944 100.055153
128.134888 124.371803
117.568550 180.145538
135.415527 220.479950
144.763397 240.807922
159.773529 260.014923
110.476364 79.389442
115.307541 100.020645
128.151077 124.100845
117.572861 180.146622
135.414001 220.474289
145.071838 240.812561
159.810760 260.000519
110.582260 79.421814
115.585960 100.023376
128.432678 124.206200
117.807465 180.240204
135.508606 220.292725
144.764282 240.946640
159.808411 260.001312
110.880608 79.473457
115.973106 99.803528
128.636108 123.913406
117.807594 180.271988
135.815094 221.286072
145.099014 240.648651
159.740555 260.001709
111.257362 79.565109
116.094994 99.847954
128.975037 124.001305
118.022789 180.264618
135.778488 221.182632
145.079391 240.743912
159.739410 260.000183
111.581306 79.740471
116.346779 99.831367
128.995834 124.077042
118.331474 180.360611
135.886322 221.277863
145.104187 240.915222
159.739120 260.001953
111.915840 79.733681
116.764320 99.830765
129.368317 124.063560
118.378532 180.353470
135.881561 221.215073
145.080475 240.813141
159.642914 259.953217
112.193146 79.696655
117.053986 99.893349
129.938126 123.991371
118.447327 180.536240
135.975494 221.768494
145.121902 241.005844
159.644302 259.953156
112.342712 79.936722
117.296440 100.110069
130.167511 123.969460
118.692413 180.577667
135.950043 221.746933
145.122025 241.005875
159.706406 260.184692
112.533630 79.907097
117.646805 100.463631
130.271179 124.038582
118.922562 180.813614
135.961212 221.794113
145.124771 241.029114
159.722473 260.002502
112.756638 80.080544
117.758224 100.271667
130.380951 123.997826
118.988419 180.808105
135.993164 221.944260
145.135223 241.016174
159.743820 260.016724
113.136742 80.042061
117.968773 100.202057
130.463730 123.828323
119.285225 180.953751
136.066483 221.841980
145.171799 241.061035
159.749649 260.112366
113.246246 80.027275
118.203857 100.585106
130.597260 124.172173
119.262993 180.978836
136.157318 222.129730
145.172150 241.060425
159.731354 260.086121
113.763412 79.935745
118.288567 100.579102
130.809174 124.138779
119.516212 180.639389
136.156342 222.150223
145.194977 241.194916
159.795654 260.020691
113.978386 79.901489
118.580711 100.580399
130.842255 123.805405
119.556847 180.816757
136.064682 221.575729
145.145416 241.159546
159.797058 260.020386
114.129509 80.017815
119.006378 100.558006
130.790710 123.702919
119.559494 180.850204
136.174011 222.217484
145.199600 241.394531
159.800827 260.073425
114.252472 80.141640
119.247093 100.586617
130.944397 123.819580
119.816940 181.147293
136.215179 222.375214
145.182983 241.615936
159.728790 260.059265
114.618164 80.133728
119.442749 100.675552
131.120819 123.676094
119.848747 181.139587
136.234772 222.437164
145.183395 241.445084
159.674332 260.121704
114.717827 80.193481
119.575279 100.665764
131.225037 123.659386
119.840492 181.343246
136.251816 222.566101
145.244095 241.706314
159.666519 260.131012
114.921783 80.456383
119.761520 100.658936
131.303253 123.696762
120.092117 181.343369
136.264740 222.601944
145.251572 241.889206
159.712372 260.380554
115.393250 80.435379
119.991608 100.672142
131.420227 123.773453
120.231491 181.415894
136.267639 222.601913
145.251602 241.889038
159.773483 260.325531
115.667999 80.458160
120.304970 100.854752
131.674500 123.974907
120.280884 181.274063
136.256317 222.610535
145.252762 241.891296
159.696777 260.391846
115.895981 80.365753
120.626717 100.838440
131.764557 123.615082
120.496307 181.496658
136.233063 222.842529
145.254822 241.861816
159.719498 260.435150
116.217529 80.596786
120.914673 100.781502
131.788193 123.928902
120.646271 181.438873
136.262085 223.063065
145.275238 241.919281
159.853271 260.394714
116.400696 80.422371
121.139610 100.996582
132.069977 123.723068
120.774979 181.521576
136.285950 223.158310
145.418686 241.988831
159.738342 260.311829
116.571182 80.458046
121.410980 100.795403
132.386932 123.686050
120.842529 181.510162
136.250824 222.878647
145.415802 241.989029
159.951828 260.343353
116.943184 80.401985
121.864090 100.762558
132.567291 123.753731
120.958687 181.581863
136.243652 222.876434
145.415787 241.988663
159.951553 260.343018
117.542374 80.411354
122.116074 100.736015
133.032990 123.942444
121.169479 181.615341
136.357269 223.567154
145.438522 242.251938
159.951492 260.343018
117.877792 80.355217
122.589401 100.963593
133.170532 123.962379
121.407356 181.491623
136.358139 223.616989
145.439255 242.254044
159.951477 260.341553
118.116486 80.427490
122.910454 100.944382
133.759384 124.028938
121.700798 181.640320
136.398651 223.790436
145.442795 242.253967
159.758743 260.330017
118.521111 80.601509
123.253052 101.325104
133.899475 124.442146
121.807899 181.742401
136.346893 223.353714
145.473434 242.227097
160.213608 260.349762
119.024773 80.365036
123.722595 101.000267
134.237152 124.285622
121.944611 181.649109
136.363678 223.427521
145.457077 242.240173
160.165619 260.335571
119.315269 80.503052
123.964500 101.207130
134.490738 124.367119
122.278107 181.721542
136.375397 223.405441
145.456055 242.239288
160.164948 260.335327
119.750786 80.506126
124.497276 101.121742
134.583832 124.015663
122.331711 181.839050
136.394562 223.372574
145.455841 242.239410
160.186371 260.325256
119.928284 80.773384
124.835754 101.330093
134.739563 124.116394
122.716805 182.063614
136.439972 223.301346
145.456497 242.239822
160.188568 260.307159
120.410591 80.688873
125.171272 101.239029
134.714188 123.863525
122.736351 182.024185
136.517181 223.899155
145.886887 242.160110
160.211792 260.300110
121.036125 80.867432
125.580315 101.206078
134.926544 123.703781
123.312737 182.244736
136.677444 223.858826
145.490387 241.855438
160.349564 260.249695
121.503670 80.938606
126.077690 101.320587
134.886383 123.595345
123.264168 182.014969
136.665253 223.532150
145.881134 242.309174
160.326614 260.280060
121.951950 80.887428
126.419739 101.303459
134.737717 123.412033
123.572212 182.105286
136.738953 223.608429
145.883957 242.321503
160.288483 260.177124
122.371117 80.921486
126.672493 101.508369
134.931549 123.153366
123.661568 181.983932
136.734497 223.578857
145.883499 242.322357
160.259720 260.165894
122.788521 81.003410
127.011887 101.598152
135.099640 123.408752
123.902657 181.938400
136.772461 223.578094
146.152771 242.269684
160.134079 260.101624
123.154724 80.970436
127.465904 101.508026
135.218674 123.242531
124.188293 182.114670
136.803406 223.694656
146.145767 242.026535
160.288757 260.070007
123.422722 81.005226
127.876076 101.533173
135.619537 123.049850
124.302971 182.158035
136.858612 224.128372
146.145157 242.025116
160.299667 259.985107
123.774261 81.071762
128.096924 101.510071
135.585144 122.882980
124.297935 182.153809
136.864807 224.042435
146.155518 242.063766
160.303391 259.977417
124.100479 81.210213
128.394287 101.761940
136.131409 123.236313
124.634041 182.078690
137.092529 224.127411
146.164352 242.098816
160.303864 259.979889
124.506783 81.116096
128.856812 101.748024
136.221909 123.248581
124.956573 182.440186
136.900238 224.148666
146.164520 242.097900
160.304214 259.981049
125.075813 81.139862
129.160568 101.717743
136.300858 123.139984
125.021652 182.277069
136.978912 224.092453
146.154221 241.873459
160.326782 259.991791
125.313896 81.148415
129.494995 101.992065
136.568878 123.299538
125.270607 182.160660
136.978394 224.691879
146.154877 241.874863
160.324539 259.990295
125.751373 81.295769
129.794250 101.956833
137.113937 123.407890
125.414101 182.280243
137.103180 224.588638
146.154495 241.875351
160.312454 259.985535
126.002960 81.188896
130.026672 101.918732
137.525635 123.391975
125.419762 182.252716
137.101746 224.575211
146.215347 241.897476
160.367203 259.972290
126.278931 81.249390
130.256927 101.923103
137.695496 123.353882
125.661087 182.302765
137.108337 224.534195
146.219879 241.916214
160.368469 259.971558
126.769516 81.186668
130.856903 101.951523
138.063416 123.576691
125.850060 182.256897
137.168671 224.133118
146.114899 241.936432
160.431213 259.927948
127.143845 81.278282
131.093216 102.170433
138.174011 123.528069
126.160370 182.328949
137.270050 224.558517
146.115082 241.938248
160.468918 259.927368
127.575417 81.307991
131.401062 102.166969
138.392731 123.616150
126.025406 182.365814
137.004425 224.763641
146.467392 242.103531
160.473602 259.967285
127.849724 81.500053
131.674530 102.399330
138.694611 123.781830
126.598145 182.474747
137.082733 224.565399
146.650467 242.253647
160.435165 259.951782
128.284424 81.346985
131.907333 102.384949
138.706970 123.837364
126.591988 182.643967
137.058578 224.594879
146.600281 242.033859
160.441315 259.939087
128.842682 81.486435
132.384674 102.373756
138.925125 123.843414
126.623230 182.832153
137.177338 224.676208
146.556946 242.117188
160.404495 259.950745
129.191193 81.602806
132.668854 102.396645
139.160446 123.895233
127.243904 182.953171
137.510223 224.295639
146.559036 242.118591
160.420364 259.928864
129.430634 81.627525
132.906921 102.369888
139.323334 123.890434
127.515083 182.943726
137.318542 224.143677
146.662689 242.076569
160.390030 259.934937
129.653000 81.629005
133.145004 102.321922
139.503265 123.909615
127.343597 182.999710
136.642822 223.226807
146.624649 242.154984
160.439743 259.939270
130.364471 81.634003
133.679871 102.342606
139.802689 123.980843
127.724312 182.858231
135.355225 222.287048
146.896225 242.121017
160.396652 259.940948
130.398590 81.733269
134.047638 102.667854
140.307983 124.342773
127.669655 182.894562
135.227478 222.301544
146.591980 242.142365
160.394455 259.939758
130.635498 81.740685
134.282822 102.666245
140.739105 124.279518
127.881485 183.111176
135.959656 222.113388
146.620987 242.059357
160.339859 259.923340
131.180145 81.780838
134.605164 102.676476
141.063049 124.240349
127.994888 183.191681
136.601654 222.004150
146.623337 242.155853
160.374573 260.038208
131.453979 81.813477
134.862732 102.633636
141.176727 124.187187
128.450928 183.223282
137.148193 221.727066
146.622253 242.155075
160.404999 259.965393
131.862717 81.909454
135.297119 102.662766
141.710480 124.295662
128.692291 183.354782
137.167786 221.123993
146.645340 242.067413
160.393707 259.969727
132.075668 81.861511
135.443588 102.739975
142.046631 124.382263
128.688568 183.441925
137.679840 220.669647
146.645920 242.067184
160.391571 259.969910
132.693588 81.822563
135.767197 102.868393
142.306412 124.286949
128.683334 183.447571
138.127563 220.099838
146.648941 242.065613
160.396255 259.968323
132.877533 81.922928
136.192627 102.930305
142.385422 124.340988
128.959167 183.639038
138.509613 219.629227
146.505737 242.162857
160.209274 259.944946
133.304977 82.017288
136.524368 102.953468
142.345276 124.252579
128.962265 183.685608
138.603561 219.582733
146.999146 242.225449
160.477951 259.982056
133.533524 82.105125
136.767548 102.933342
142.415833 124.547119
128.973236 183.700439
138.590271 219.527603
147.000320 242.225021
160.453323 259.980774
133.724457 82.458031
137.233536 102.946243
142.579483 124.582550
129.504913 183.579727
138.618668 219.640915
146.784302 242.266922
160.466629 259.957672
134.136108 82.524368
137.238586 103.163010
142.733810 124.569183
129.739807 183.478363
138.691559 219.652527
146.786087 242.266510
160.513367 260.002686
134.431122 82.513527
137.727005 103.183838
142.905762 124.741844
129.771332 183.465912
138.705612 219.653000
146.891098 242.195389
160.430420 260.090454
134.722427 82.639206
137.994003 103.162598
143.036499 124.596832
129.818420 183.492020
138.699036 219.770065
146.934677 242.248886
160.432632 260.085632
135.092072 82.630814
138.224228 103.143005
143.253967 124.486137
130.235291 183.634033
138.728882 219.925735
147.073822 242.324127
160.645660 260.059875
135.554779 82.779930
138.526932 103.414757
143.308929 124.691048
130.453217 183.625977
138.747620 219.926773
147.074310 242.325043
160.478256 260.056519
135.774139 82.810226
138.809555 103.404327
143.352936 124.598175
130.462280 183.608627
138.776031 219.831009
146.860565 242.359879
160.518234 260.076843
135.953400 82.841232
138.993439 103.371628
143.424316 124.439919
130.447220 183.817520
138.764572 219.742722
147.045761 242.301712
160.489304 260.181702
136.129425 83.210823
139.265228 103.556717
143.710266 124.600014
130.456482 183.810410
138.793304 220.526474
146.909714 242.250381
160.423355 260.213074
136.626251 83.277161
139.771179 103.510590
144.005188 124.578400
130.994080 183.990906
138.860199 219.860153
147.039185 242.319580
160.490341 260.162292
137.181030 83.205841
140.021606 103.511833
144.413803 124.589973
131.038818 183.945908
138.932785 220.526108
147.075363 242.373672
160.415695 260.147888
137.403809 83.231773
140.233154 103.652687
144.559326 124.739136
131.026672 183.946625
139.322235 220.470520
147.232590 242.340149
160.410843 260.140717
137.838531 83.254814
140.669861 103.836159
144.157043 125.047546
131.226120 184.016815
139.262543 220.453690
147.599594 242.713837
160.596985 260.234955
138.066101 83.261177
140.961533 103.882614
144.467682 125.062096
131.487549 183.923050
139.315048 220.450470
147.599319 242.715057
160.441422 260.245178
138.634460 83.330582
141.342819 103.950447
145.135559 125.257072
131.652100 184.113815
139.283279 220.265808
147.599487 242.715240
160.439789 260.242340
138.875214 83.408630
141.634262 103.934311
145.588821 125.234039
131.679138 184.282349
139.267975 220.267212
147.103088 242.484894
160.333160 260.209045
