105.000000 80.000000
110.000000 100.000000
125.000000 125.000000
115.000000 180.000000
135.000000 220.000000
145.000000 240.000000
160.000000 260.000000
105.703583 80.057945
110.561958 99.929352
125.460983 124.912125
115.279800 179.944672
134.965698 219.877426
144.981018 239.997330
159.951477 260.009827
106.156654 80.044235
111.238541 99.926331
126.077736 125.456543
115.562408 179.969284
134.886719 219.528549
145.180603 240.151550
159.977570 260.064606
106.549934 79.936401
111.562317 99.916328
126.296577 124.925056
115.580330 179.985687
134.880753 219.482132
145.180054 240.152115
159.853409 260.011841
106.948708 79.812607
112.044884 99.901894
126.541786 125.035324
115.990654 180.009933
134.951965 219.651474
145.080688 240.215027
159.869614 259.992126
107.494774 79.667778
112.474846 99.774384
126.695801 124.844955
116.228973 180.026840
134.967804 219.682419
145.080582 240.213043
159.857315 260.026184
107.916077 79.901810
112.838234 99.972488
126.874695 125.158821
116.396385 180.076874
134.980362 219.763840
145.171387 240.197495
159.875427 260.034851
108.252701 79.627945
113.228737 99.873718
127.125023 124.519623
116.639343 180.077545
134.935486 219.634064
145.244034 240.049744
159.865448 260.019165
108.503044 79.744713
113.484489 99.879608
127.316536 124.750046
116.656921 180.067093
135.201813 220.241959
145.233475 240.063721
159.886108 260.044037
108.799774 79.506935
113.777489 99.851593
127.366982 124.603676
116.856079 179.894394
135.162628 219.692276
145.033447 240.333282
159.892090 260.052460
109.060974 79.424652
114.218529 99.887978
127.554840 124.331482
117.175179 180.191422
135.374634 220.394409
144.727936 240.738663
159.884460 260.043091
109.684158 79.574791
114.467201 100.114853
127.879936 124.600739
117.198189 180.163452
135.382568 220.395004
144.760803 240.808380
159.769394 259.981140
109.931053 79.503029
114.742340 99.844025
127.985268 124.330978
117.367477 180.169601
135.457001 220.500748
144.762604 240.808762
159.767349 259.974976
110.109680 79.551163
114.989944 100.055153
128.134888 124.371803
117.568550 180.145538
135.415527 220.479950
144.763397 240.807922
159.773529 260.014923
110.476364 79.389442
115.307541 100.020645
128.151077 124.100845
117.572861 180.146622
135.414001 220.474289
145.071838 240.812561
159.810760 260.000519
110.582260 79.421814
115.585960 100.023376
128.432678 124.206200
117.807465 180.240204
135.508606 220.292725
144.764282 240.946640
159.808411 260.001312
110.880608 79.473457
115.973106 99.803528
128.636108 123.913406
117.807594 180.271988
135.815094 221.286072
145.099014 240.648651
159.740555 260.001709
111.257362 79.565109
116.094994 99.847954
128.975037 124.001305
118.022789 180.264618
135.778488 221.182632
145.079391 240.743912
159.739410 260.000183
111.581306 79.740471
116.346779 99.831367
128.995834 124.077042
118.331474 180.360611
135.886322 221.277863
145.104187 240.915222
159.739120 260.001953
111.915840 79.733681
116.764320 99.830765
129.368317 124.063560
118.378532 180.353470
135.881561 221.215073
145.080475 240.813141
159.642914 259.953217
112.193146 79.696655
117.053986 99.893349
129.938126 123.991371
118.447327 180.536240
135.975494 221.768494
145.121902 241.005844
159.644302 259.953156
112.342712 79.936722
117.296440 100.110069
130.167511 123.969460
118.692413 180.577667
135.950043 221.746933
145.122025 241.005875
159.706406 260.184692
112.533630 79.907097
117.646805 100.463631
130.271179 124.038582
118.922562 180.813614
135.961212 221.794113
145.124771 241.029114
159.722473 260.002502
112.756638 80.080544
117.758224 100.271667
130.380951 123.997826
118.988419 180.808105
135.993164 221.944260
145.135223 241.016174
159.743820 260.016724
113.136742 80.042061
117.968773 100.202057
130.463730 123.828323
119.285225 180.953751
136.066483 221.841980
145.171799 241.061035
159.749649 260.112366
113.246246 80.027275
118.203857 100.585106
130.597260 124.172173
119.262993 180.978836
136.157318 222.129730
145.172150 241.060425
159.731354 260.086121
113.763412 79.935745
118.288567 100.579102
130.809174 124.138779
119.516212 180.639389
136.156342 222.150223
145.194977 241.194916
159.795654 260.020691
113.978386 79.901489
118.580711 100.580399
130.842255 123.805405
119.556847 180.816757
136.064682 221.575729
145.145416 241.159546
159.797058 260.020386
114.129509 80.017815
119.006378 100.558006
130.790710 123.702919
119.559494 180.850204
136.174011 222.217484
145.199600 241.394531
159.800827 260.073425
114.252472 80.141640
119.247093 100.586617
130.944397 123.819580
119.816940 181.147293
136.215179 222.375214
145.182983 241.615936
159.728790 260.059265
114.618164 80.133728
119.442749 100.675552
131.120819 123.676094
119.848747 181.139587
136.234772 222.437164
145.183395 241.445084
159.674332 260.121704
114.717827 80.193481
119.575279 100.665764
131.225037 123.659386
119.840492 181.343246
136.251816 222.566101
145.244095 241.706314
159.666519 260.131012
114.921783 80.456383
119.761520 100.658936
131.303253 123.696762
120.092117 181.343369
136.264740 222.601944
145.251572 241.889206
159.712372 260.380554
115.393250 80.435379
119.991608 100.672142
131.420227 123.773453
120.231491 181.415894
136.267639 222.601913
145.251602 241.889038
159.773483 260.325531
115.667999 80.458160
120.304970 100.854752
131.674500 123.974907
120.280884 181.274063
136.256317 222.610535
145.252762 241.891296
159.696777 260.391846
115.895981 80.365753
120.626717 100.838440
131.764557 123.615082
120.496307 181.496658
136.233063 222.842529
145.254822 241.861816
159.719498 260.435150
116.217529 80.596786
120.914673 100.781502
131.788193 123.928902
120.646271 181.438873
136.262085 223.063065
145.275238 241.919281
159.853271 260.394714
116.400696 80.422371
121.139610 100.996582
132.069977 123.723068
120.774979 181.521576
136.285950 223.158310
145.418686 241.988831
159.738342 260.311829
116.571182 80.458046
121.410980 100.795403
132.386932 123.686050
120.842529 181.510162
136.250824 222.878647
145.415802 241.989029
159.951828 260.343353
116.943184 80.401985
121.864090 100.762558
132.567291 123.753731
120.958687 181.581863
136.243652 222.876434
145.415787 241.988663
159.951553 260.343018
117.542374 80.411354
122.116074 100.736015
133.032990 123.942444
121.169479 181.615341
136.357269 223.567154
145.438522 242.251938
159.951492 260.343018
117.877792 80.355217
122.589401 100.963593
133.170532 123.962379
121.407356 181.491623
136.358139 223.616989
145.439255 242.254044
159.951477 260.341553
118.116486 80.427490
122.910454 100.944382
133.759384 124.028938
121.700798 181.640320
136.398651 223.790436
145.442795 242.253967
159.758743 260.330017
118.521111 80.601509
123.253052 101.325104
133.899475 124.442146
121.807899 181.742401
136.346893 223.353714
145.473434 242.227097
160.213608 260.349762
119.024773 80.365036
123.722595 101.000267
134.237152 124.285622
121.944611 181.649109
136.363678 223.427521
145.457077 242.240173
160.165619 260.335571
119.315269 80.503052
123.964500 101.207130
134.490738 124.367119
122.278107 181.721542
136.375397 223.405441
145.456055 242.239288
160.164948 260.335327
119.750786 80.506126
124.497276 101.121742
134.583832 124.015663
122.331711 181.839050
136.394562 223.372574
145.455841 242.239410
160.186371 260.325256
119.928284 80.773384
124.835754 101.330093
134.739563 124.116394
122.716805 182.063614
136.439972 223.301346
145.456497 242.239822
160.188568 260.307159
120.410591 80.688873
125.171272 101.239029
134.714188 123.863525
122.736351 182.024185
136.517181 223.899155
145.886887 242.160110
160.211792 260.300110
121.036125 80.867432
125.580315 101.206078
134.926544 123.703781
123.312737 182.244736
136.677444 223.858826
145.490387 241.855438
160.349564 260.249695
121.503670 80.938606
126.077690 101.320587
134.886383 123.595345
123.264168 182.014969
136.665253 223.532150
145.881134 242.309174
160.326614 260.280060
121.951950 80.887428
126.419739 101.303459
134.737717 123.412033
123.572212 182.105286
136.738953 223.608429
145.883957 242.321503
160.288483 260.177124
122.371117 80.921486
126.672493 101.508369
134.931549 123.153366
123.661568 181.983932
136.734497 223.578857
145.883499 242.322357
160.259720 260.165894
122.788521 81.003410
127.011887 101.598152
135.099640 123.408752
123.902657 181.938400
136.772461 223.578094
146.152771 242.269684
160.134079 260.101624
123.154724 80.970436
127.465904 101.508026
135.218674 123.242531
124.188293 182.114670
136.803406 223.694656
146.145767 242.026535
160.288757 260.070007
123.422722 81.005226
127.876076 101.533173
135.619537 123.049850
124.302971 182.158035
136.858612 224.128372
146.145157 242.025116
160.299667 259.985107
123.774261 81.071762
128.096924 101.510071
135.585144 122.882980
124.297935 182.153809
136.864807 224.042435
146.155518 242.063766
160.303391 259.977417
124.100479 81.210213
128.394287 101.761940
136.131409 123.236313
124.634041 182.078690
137.092529 224.127411
146.164352 242.098816
160.303864 259.979889
124.506783 81.116096
128.856812 101.748024
136.221909 123.248581
124.956573 182.440186
136.900238 224.148666
146.164520 242.097900
160.304214 259.981049
125.075813 81.139862
129.160568 101.717743
136.300858 123.139984
125.021652 182.277069
136.978912 224.092453
146.154221 241.873459
160.326782 259.991791
125.313896 81.148415
129.494995 101.992065
136.568878 123.299538
125.270607 182.160660
136.978394 224.691879
146.154877 241.874863
160.324539 259.990295
125.751373 81.295769
129.794250 101.956833
137.113937 123.407890
125.414101 182.280243
137.103180 224.588638
146.154495 241.875351
160.312454 259.985535
126.002960 81.188896
130.026672 101.918732
137.525635 123.391975
125.419762 182.252716
137.101746 224.575211
146.215347 241.897476
160.367203 259.972290
126.278931 81.249390
130.256927 101.923103
137.695496 123.353882
125.661087 182.302765
137.108337 224.534195
146.219879 241.916214
160.368469 259.971558
126.769516 81.186668
130.856903 101.951523
138.063416 123.576691
125.850060 182.256897
137.168671 224.133118
146.114899 241.936432
160.431213 259.927948
127.143845 81.278282
131.093216 102.170433
138.174011 123.528069
126.160370 182.328949
137.270050 224.558517
146.115082 241.938248
160.468918 259.927368
127.575417 81.307991
131.401062 102.166969
138.392731 123.616150
126.025406 182.365814
137.004425 224.763641
146.467392 242.103531
160.473602 259.967285
127.849724 81.500053
131.674530 102.399330
138.694611 123.781830
126.598145 182.474747
137.082733 224.565399
146.650467 242.253647
160.435165 259.951782
128.284424 81.346985
131.907333 102.384949
138.706970 123.837364
126.591988 182.643967
137.058578 224.594879
146.600281 242.033859
160.441315 259.939087
128.842682 81.486435
132.384674 102.373756
138.925125 123.843414
126.623230 182.832153
137.177338 224.676208
146.556946 242.117188
160.404495 259.950745
129.191193 81.602806
132.668854 102.396645
139.160446 123.895233
127.243904 182.953171
137.510223 224.295639
146.559036 242.118591
160.420364 259.928864
129.430634 81.627525
132.906921 102.369888
139.323334 123.890434
127.515083 182.943726
137.318542 224.143677
146.662689 242.076569
160.390030 259.934937
129.653000 81.629005
133.145004 102.321922
139.503265 123.909615
127.343597 182.999710
136.642822 223.226807
146.624649 242.154984
160.439743 259.939270
130.364471 81.634003
133.679871 102.342606
139.802689 123.980843
127.724312 182.858231
135.355225 222.287048
146.896225 242.121017
160.396652 259.940948
130.398590 81.733269
134.047638 102.667854
140.307983 124.342773
127.669655 182.894562
135.227478 222.301544
146.591980 242.142365
160.394455 259.939758
130.635498 81.740685
134.282822 102.666245
140.739105 124.279518
127.881485 183.111176
135.959656 222.113388
146.620987 242.059357
160.339859 259.923340
131.180145 81.780838
134.605164 102.676476
141.063049 124.240349
127.994888 183.191681
136.601654 222.004150
146.623337 242.155853
160.374573 260.038208
131.453979 81.813477
134.862732 102.633636
141.176727 124.187187
128.450928 183.223282
137.148193 221.727066
146.622253 242.155075
160.404999 259.965393
131.862717 81.909454
135.297119 102.662766
141.710480 124.295662
128.692291 183.354782
137.167786 221.123993
146.645340 242.067413
160.393707 259.969727
132.075668 81.861511
135.443588 102.739975
142.046631 124.382263
128.688568 183.441925
137.679840 220.669647
146.645920 242.067184
160.391571 259.969910
132.693588 81.822563
135.767197 102.868393
142.306412 124.286949
128.683334 183.447571
138.127563 220.099838
146.648941 242.065613
160.396255 259.968323
132.877533 81.922928
136.192627 102.930305
142.385422 124.340988
128.959167 183.639038
138.509613 219.629227
146.505737 242.162857
160.209274 259.944946
133.304977 82.017288
136.524368 102.953468
142.345276 124.252579
128.962265 183.685608
138.603561 219.582733
146.999146 242.225449
160.477951 259.982056
133.533524 82.105125
136.767548 102.933342
142.415833 124.547119
128.973236 183.700439
138.590271 219.527603
147.000320 242.225021
160.453323 259.980774
133.724457 82.458031
137.233536 102.946243
142.579483 124.582550
129.504913 183.579727
138.618668 219.640915
146.784302 242.266922
160.466629 259.957672
134.136108 82.524368
137.238586 103.163010
142.733810 124.569183
129.739807 183.478363
138.691559 219.652527
146.786087 242.266510
160.513367 260.002686
134.431122 82.513527
137.727005 103.183838
142.905762 124.741844
129.771332 183.465912
138.705612 219.653000
146.891098 242.195389
160.430420 260.090454
134.722427 82.639206
137.994003 103.162598
143.036499 124.596832
129.818420 183.492020
138.699036 219.770065
146.934677 242.248886
160.432632 260.085632
135.092072 82.630814
138.224228 103.143005
143.253967 124.486137
130.235291 183.634033
138.728882 219.925735
147.073822 242.324127
160.645660 260.059875
135.554779 82.779930
138.526932 103.414757
143.308929 124.691048
130.453217 183.625977
138.747620 219.926773
147.074310 242.325043
160.478256 260.056519
135.774139 82.810226
138.809555 103.404327
143.352936 124.598175
130.462280 183.608627
138.776031 219.831009
146.860565 242.359879
160.518234 260.076843
135.953400 82.841232
138.993439 103.371628
143.424316 124.439919
130.447220 183.817520
138.764572 219.742722
147.045761 242.301712
160.489304 260.181702
136.129425 83.210823
139.265228 103.556717
143.710266 124.600014
130.456482 183.810410
138.793304 220.526474
146.909714 242.250381
160.423355 260.213074
136.626251 83.277161
139.771179 103.510590
144.005188 124.578400
130.994080 183.990906
138.860199 219.860153
147.039185 242.319580
160.490341 260.162292
137.181030 83.205841
140.021606 103.511833
144.413803 124.589973
131.038818 183.945908
138.932785 220.526108
147.075363 242.373672
160.415695 260.147888
137.403809 83.231773
140.233154 103.652687
144.559326 124.739136
131.026672 183.946625
139.322235 220.470520
147.232590 242.340149
160.410843 260.140717
137.838531 83.254814
140.669861 103.836159
144.157043 125.047546
131.226120 184.016815
139.262543 220.453690
147.599594 242.713837
160.596985 260.234955
138.066101 83.261177
140.961533 103.882614
144.467682 125.062096
131.487549 183.923050
139.315048 220.450470
147.599319 242.715057
160.441422 260.245178
138.634460 83.330582
141.342819 103.950447
145.135559 125.257072
131.652100 184.113815
139.283279 220.265808
147.599487 242.715240
160.439789 260.242340
138.875214 83.408630
141.634262 103.934311
145.588821 125.234039
131.679138 184.282349
139.267975 220.267212
147.103088 242.484894
160.333160 260.209045
139.441818 83.438911
142.230316 104.063110
145.303650 125.201576
131.670715 184.277420
139.307541 220.262375
147.109314 242.495377
160.335602 260.208740
139.561905 83.584877
142.484146 104.253868
145.647858 125.354355
131.899796 184.287933
139.488678 220.372101
147.108200 242.494217
160.309387 260.273621
139.807068 83.594971
142.695084 104.088684
145.961716 125.192261
131.905350 184.291931
139.493195 220.381424
147.362732 242.517960
160.368011 260.201874
140.058777 83.797287
142.921234 104.300919
146.406967 125.288193
132.115005 184.280212
139.677246 220.451248
147.442123 242.567169
160.166565 260.190277
140.382065 83.754128
143.289825 104.341339
146.597198 125.379456
132.119064 184.240097
139.665619 220.451859
147.441757 242.567322
160.137894 260.192261
140.826035 83.807709
143.428513 104.288635
146.628998 125.204544
132.399109 184.180664
139.873108 220.275284
147.408371 242.718430
160.106552 260.214294
141.266541 83.810837
143.704376 104.269539
146.732239 125.152092
132.549026 184.284744
140.245361 220.276001
147.464325 242.569168
160.113922 260.215332
141.408142 83.839256
143.939270 104.240028
146.910278 125.162521
132.623032 184.466797
140.254242 220.186859
147.414703 242.732040
160.071182 260.280609
141.675522 83.920662
144.277115 104.420372
147.179749 125.413979
132.820923 184.302338
140.289154 220.352646
147.524582 242.893417
160.121414 260.349854
141.886261 84.045670
144.579147 104.682426
147.299225 125.535172
133.088776 184.434296
140.352905 220.343842
147.284210 242.886353
159.991837 260.376343
142.404419 84.227371
144.911255 104.609352
147.499710 125.453438
133.114731 184.440796
140.399673 220.187042
147.279083 242.880280
160.016968 260.380615
143.021729 84.267418
145.181961 104.612381
147.753601 125.458908
133.371140 184.378922
140.460297 220.348038
147.279037 242.880798
160.013901 260.400513
143.244583 84.264534
145.585571 104.683372
147.975403 125.662918
133.401123 184.357147
140.568893 220.492371
147.292572 242.900742
160.007980 260.444275
143.288544 84.409546
145.666306 104.806152
148.075699 125.725792
133.598816 184.322037
140.763763 220.405045
148.233688 242.896042
160.100510 260.463684
143.741287 84.455299
145.949463 104.783524
148.283524 125.638855
133.856247 184.304703
140.690018 220.465210
147.669174 242.887924
160.065552 260.443390
144.165146 84.623253
146.276840 104.966934
148.560287 126.203445
134.055527 184.448044
140.738022 220.603790
147.672501 242.892807
159.971619 260.617126
144.586716 84.837303
146.888062 105.004662
148.611511 125.822060
134.268066 184.453613
140.722412 220.482300
147.719345 242.920914
160.002243 260.625366
144.931152 84.713120
147.067963 104.957474
148.709412 126.091484
134.394531 184.723267
140.726379 220.681549
147.713684 242.930481
159.995911 260.626221
145.337189 84.983269
147.311798 105.249306
149.308899 126.493828
134.434601 184.690659
140.773972 221.005692
147.783096 242.974960
160.059372 260.567749
145.850204 85.057518
147.586121 105.189453
149.362396 126.436287
134.622025 184.718445
140.759048 220.678375
147.736832 242.948395
160.052917 260.560730
146.182037 85.115540
148.075241 105.186882
149.888275 126.583092
134.683960 184.726730
140.847794 219.956833
147.712891 242.934784
160.056747 260.558533
146.607224 85.018135
148.592255 105.189476
150.052032 126.614296
134.918182 184.510651
140.850296 220.101166
147.731949 242.946289
160.059570 260.558167
146.918015 85.103394
148.826920 105.170502
150.204666 126.303520
134.940918 184.516342
140.847137 220.183151
147.648178 242.864670
160.143631 260.525574
147.432510 85.049217
149.318207 105.169823
150.427551 126.335564
135.433395 184.518539
140.840652 220.177795
147.645966 242.863388
160.143784 260.525421
147.884247 85.034210
149.603058 105.179260
150.639450 126.150696
135.768524 184.490952
140.881516 220.550430
147.641785 242.861328
160.146408 260.533020
148.138153 85.058891
149.843246 105.165085
150.664825 126.126610
135.921280 184.437744
140.929047 220.862167
147.596527 242.842972
160.144562 260.536041
148.659363 84.868790
150.281708 105.190666
150.506851 126.125511
135.933746 184.468307
141.062561 220.769745
148.271149 242.682587
160.521942 260.637695
148.997147 84.782684
150.696106 105.246758
150.529831 126.022186
136.263367 184.448318
141.224670 220.783066
147.947235 242.627716
160.075577 260.643372
149.524231 84.860329
151.179535 105.252647
150.928055 126.063576
136.170975 184.140594
141.236115 220.785553
147.946609 242.627502
160.160522 260.596863
149.732040 84.870392
151.704819 105.252472
151.167572 126.096786
136.550064 184.125397
141.297607 220.792786
147.948563 242.628143
160.228668 260.710846
150.190643 84.903099
151.946289 105.236000
151.450684 125.927231
136.667206 184.165894
140.957489 220.414200
148.277908 242.106155
160.247070 260.681274
150.537521 85.096123
152.188126 105.484970
151.647903 126.301865
136.736084 184.281555
141.011673 219.971771
148.215714 242.338348
160.202377 260.714203
151.065109 85.106850
152.705627 105.486656
151.767517 126.331940
137.235519 184.317795
144.767487 221.129105
148.267105 242.124039
160.226913 260.710876
151.423965 84.934387
153.132278 105.159920
152.206863 125.909164
137.353668 184.361420
144.780975 220.882980
148.264206 242.118073
160.182159 260.704163
151.990906 85.096558
153.710129 105.486946
152.816879 126.344101
137.656860 184.279953
144.850159 220.804916
148.263596 242.116104
160.209457 260.717682
152.463608 85.110344
154.146988 105.392166
153.143051 126.206085
137.712891 184.063477
144.909454 220.732773
148.263916 242.022491
160.213547 260.713684
153.009460 85.132225
154.544220 105.358238
153.406158 126.248253
137.897629 183.943695
145.060715 220.661789
148.956573 242.253036
160.266815 260.734558
153.388351 85.082611
155.143600 105.314766
154.034348 126.457230
138.065994 184.057678
145.166656 220.536041
148.957748 242.252228
160.267120 260.734894
153.909790 85.261505
155.310043 105.606293
154.288193 126.854324
138.463669 183.956619
145.287781 220.536728
148.957550 242.283493
160.266083 260.736359
154.734741 85.114449
155.957550 105.335190
154.985046 126.532959
138.593445 184.033569
145.456177 220.482437
148.879303 242.223083
160.268143 260.735260
155.261627 85.225670
156.246445 105.604424
155.120407 127.137436
138.834061 184.052979
145.562347 220.292847
148.789536 242.355133
160.272049 260.729065
155.564407 85.344505
156.790939 105.448845
155.767288 126.863091
139.109131 184.053513
145.769272 220.245087
148.984863 242.173416
160.365356 260.564514
155.971481 85.360336
157.068619 105.696312
156.086716 127.099159
139.343430 183.926407
145.741272 220.565338
148.789307 242.363449
160.360001 260.570435
156.494034 85.427078
157.852646 105.680214
156.635880 127.064980
139.669510 183.874268
146.084335 220.166092
148.748093 242.317322
160.360504 260.592163
157.218002 85.309395
158.161987 105.644829
156.891113 127.386345
140.025681 183.901398
146.067017 220.320587
148.963089 242.143524
161.012863 260.896545
157.234833 85.306801
158.160248 105.645432
156.881638 127.375237
140.029297 183.904419
146.066986 220.334412
149.106720 242.175430
161.036865 260.873840
157.786316 85.292892
158.714142 105.679581
157.415909 127.467781
140.141861 183.958832
146.322357 220.191116
149.190811 242.186554
161.055557 260.863464
158.187195 85.280533
159.184189 105.669586
157.912888 127.686104
140.486038 183.751358
146.496399 219.972916
149.190002 242.175781
161.054840 260.863647
158.905457 85.322334
159.712479 105.686256
158.225143 127.749458
140.673782 183.684631
146.689438 220.159698
149.188904 242.171249
161.053055 260.865417
159.397278 85.336967
160.188736 105.692535
158.707275 127.848824
141.219986 183.800171
146.809875 219.982117
149.093918 242.472397
160.890854 260.870056
159.945953 85.494469
160.674133 105.768829
159.221725 128.080292
141.412064 183.794220
147.623322 220.297852
149.925934 242.450333
160.875824 260.048828
160.468460 85.502922
161.155151 105.746140
159.751221 128.054352
141.694687 183.690384
147.847183 220.058807
150.048538 242.393066
160.957016 260.034119
161.279572 85.511032
161.912033 105.716843
160.188293 127.789330
141.995361 183.455154
147.987534 219.886581
150.141418 241.737137
161.028732 259.789368
161.800125 85.532463
162.413315 105.742470
160.621201 127.917725
142.429504 183.448807
148.195480 219.645218
150.082886 241.538681
160.859756 259.720520
162.432632 85.507919
163.018372 105.725700
160.965775 128.046143
142.672134 183.325912
148.222534 219.625854
150.020111 242.094406
160.838745 259.745850
163.218842 85.369293
163.459183 105.468460
161.155609 127.726135
143.016220 183.435791
148.333237 219.567474
150.177505 241.826675
161.066818 259.696075
163.673691 85.306168
164.200165 105.446907
161.652557 127.644058
143.407608 182.974594
148.675003 219.272781
150.186203 241.831650
161.988586 259.958679
164.406830 85.213364
164.963242 105.434128
161.954758 127.813400
143.885605 182.916794
148.919952 219.341278
150.275330 241.892410
162.033157 259.914154
165.105438 85.001930
165.422089 105.278435
162.193115 127.689293
143.847595 182.584839
149.001099 218.949127
150.782257 241.448090
162.303894 259.824463
165.866150 85.023018
166.101196 105.244865
162.810394 127.626221
144.350555 182.597855
149.173615 218.840302
150.778564 241.445343
162.300903 259.827759
166.715652 84.921547
166.693039 105.240921
163.253265 127.703918
144.512146 182.122635
149.469452 218.604813
150.079330 240.739624
162.031067 259.764465
167.510422 84.515938
167.420547 105.003914
163.529633 127.288940
145.113342 182.112457
149.719925 218.457642
150.107605 240.985519
162.062973 259.628998
168.102493 84.636780
168.097916 104.884285
163.866318 127.046539
145.401901 182.020569
149.891769 218.170853
150.563416 240.511963
162.176498 259.244598
169.069351 84.299316
168.855484 104.647095
164.228409 126.698654
145.646790 181.675552
150.137878 217.923447
151.032761 240.821335
162.248169 259.077698
169.470551 84.250221
169.574722 104.644730
164.658783 126.836357
146.162048 181.215271
150.214478 217.902954
150.959351 240.411133
162.215271 259.123108
170.327530 84.097206
170.152420 104.585365
164.901993 126.591881
146.664917 180.968735
150.426575 217.685501
150.849869 240.112778
162.233932 258.868958
171.274948 84.081497
170.912781 104.566780
165.274277 126.166649
146.841202 180.851761
150.634918 217.282486
150.801666 239.418884
162.297089 258.784058
171.770264 83.866898
171.722992 104.093826
165.500793 125.643631
147.343628 180.363449
150.724182 217.151871
151.109192 238.993332
162.365234 258.739502
172.939240 83.766357
172.447601 104.074020
165.804016 125.561638
147.849335 180.194046
150.938721 217.068420
151.081116 238.785034
162.517441 258.714996
173.713699 83.719437
173.081528 103.732613
166.061371 125.544060
148.269424 179.905624
151.087006 216.746735
151.226822 238.278488
162.509048 258.582092
174.556244 83.733749
174.033661 103.742424
166.809326 125.150703
148.704788 179.716766
151.233017 216.534943
151.229446 238.280594
162.643021 258.472809
175.462982 83.779701
174.921692 103.632820
167.700974 125.092178
149.221725 179.604309
151.359619 216.500504
151.267563 238.193863
162.750793 258.486755
176.324936 83.642807
175.912491 103.333366
168.768188 124.876938
149.777573 179.019089
151.672318 216.279663
151.264404 238.040024
162.940674 258.404968
177.376938 83.803116
176.785706 103.249634
169.361984 124.813698
150.077881 178.744598
151.847031 216.044006
151.367691 237.370148
162.986755 257.871063
178.377853 83.616318
177.785492 103.010406
170.467010 124.632492
150.770233 178.500580
152.109192 215.884964
151.457581 236.884720
163.123657 257.771118
179.530029 83.431717
178.513687 102.766006
170.585449 124.434433
151.325943 178.216858
152.340057 215.578461
151.444824 236.396423
163.816406 257.649353
180.560425 83.298042
179.533417 102.493530
171.875900 124.201294
151.823257 177.774338
152.561783 215.348724
151.488113 236.296097
163.664902 257.507751
181.627213 83.269272
180.529114 102.495132
172.743195 124.203926
152.387436 177.468781
152.766495 215.188522
152.105286 236.063248
163.611603 257.563934
182.925629 83.018791
181.725037 102.238510
173.514587 124.091927
153.129700 177.035446
153.138260 214.976913
152.240555 235.641663
163.668930 257.356384
183.905777 82.857941
182.718964 102.236198
174.397385 124.116714
153.648071 176.603897
153.355652 214.587585
152.352875 234.892487
163.899368 257.263428
185.259521 82.788879
183.966522 101.977219
175.039932 123.459602
154.269623 175.964722
153.753403 214.302643
152.350189 234.907913
163.884933 257.022156
186.511047 82.589363
185.204758 101.719421
176.500626 123.294006
154.844467 175.712921
154.181152 213.691116
152.714005 233.903381
164.127747 256.968323
187.947601 82.411263
186.208466 101.373840
177.150040 122.887093
155.733994 175.453293
154.551498 213.483612
152.755783 233.547623
164.145416 256.936859
189.400650 82.228233
187.461029 101.100357
178.229202 122.681244
156.517441 174.589996
154.881348 213.203018
153.190323 233.449234
164.141129 256.629944
190.603180 81.929878
188.708557 100.842079
179.396255 121.961159
157.322968 174.132706
155.186142 212.952484
153.326416 232.821838
164.228439 256.301758
192.052948 81.896461
190.010406 100.556717
180.336441 121.815254
158.026047 173.661545
155.651596 212.617630
153.791946 232.433746
164.365723 256.147980
193.503296 81.624275
191.110733 100.308037
181.240768 121.664154
158.753784 173.150772
155.944839 212.260330
153.938507 233.101700
164.662003 255.965836
194.975952 81.312782
192.629440 100.077286
182.084549 121.713799
159.584793 172.579788
156.328766 211.803436
154.164551 232.188980
164.714188 255.896103
196.373459 80.882286
193.720673 99.555435
182.555603 121.349251
160.361389 172.043686
156.777161 211.494629
154.428223 231.314590
165.016876 255.737137
197.879349 80.567574
195.019577 99.276794
183.288605 121.543030
161.404587 171.278732
157.381302 211.099335
154.821381 231.391403
165.098450 255.535095
199.413071 80.383446
196.508972 99.052841
183.816132 121.679977
162.338699 171.179382
157.847549 210.825470
155.343063 230.592361
165.288254 255.544998
200.930115 80.016853
197.837143 98.492813
184.401154 122.374359
163.147339 170.221466
158.729416 210.061325
156.054260 229.854980
165.535263 253.920822
202.336990 79.766014
199.444031 98.255165
184.500687 123.120201
163.893295 169.654251
159.266312 209.519745
156.374222 229.105545
165.730392 253.740372
203.771423 79.583405
200.735397 98.002213
184.713226 123.878151
165.126190 169.181015
159.668335 209.199677
156.755920 228.537552
165.840225 253.647354
205.202728 78.964005
202.073608 97.860863
185.037445 125.322189
165.927567 168.540329
160.241562 208.885941
157.212173 228.340607
166.282394 253.389099
206.062775 78.893974
203.637405 97.261810
185.134232 126.910599
166.884247 167.974213
161.023605 208.257019
157.703629 227.767319
166.735275 253.223038
206.983719 78.594025
205.007034 96.996201
185.544998 127.317535
167.866653 167.363220
161.575180 208.093231
158.257156 227.015656
167.118027 253.177963
208.327866 78.573677
206.637451 96.743141
186.113968 128.486572
168.953476 166.825638
162.497894 207.224625
159.076248 225.872177
167.535721 253.046906
209.565659 78.851372
208.114716 96.493797
186.984009 128.879944
170.018417 166.194992
163.105652 206.875168
159.570313 225.339569
167.800323 252.894272
210.588287 79.064728
209.559814 96.265793
187.614014 129.073853
171.145309 165.580811
164.056137 206.407867
160.323868 224.836472
168.028046 252.822128
211.600403 79.353638
211.063660 96.003220
188.256226 129.390442
172.128250 165.123779
164.847351 205.515778
161.005661 223.938705
168.171539 252.835297
212.592117 79.904549
212.562271 95.781570
188.962769 129.826538
173.304916 164.440842
165.201675 204.723038
161.391907 223.171951
168.751694 252.936707
214.109467 79.857643
214.290146 95.226234
189.618195 130.823868
174.426208 163.674469
165.923233 204.066559
162.084244 222.867172
169.268433 253.074799
215.943222 79.602417
216.055054 94.898605
190.688263 131.302032
175.434402 162.852432
166.789795 203.465454
162.794708 222.385254
169.835144 253.388733
217.545502 79.617783
217.555405 94.775322
191.726501 131.612427
176.917465 162.425339
167.408173 202.469238
163.205505 222.022690
170.208176 253.428635
220.034271 78.676796
219.289871 94.230797
192.689758 132.340424
178.372070 161.671860
168.633652 202.425644
163.854446 221.529938
171.046356 253.819260
221.811066 78.715088
221.051315 94.199348
193.461395 132.599731
179.659561 160.812805
169.786194 201.662369
165.000687 220.786850
171.140015 253.710938
223.892807 78.495781
223.052307 93.713181
194.787430 133.346405
180.671356 160.411346
170.798843 201.026520
165.408447 220.424225
171.565445 253.393051
225.746796 78.257133
224.755142 93.168076
195.698547 133.619537
182.153839 159.667084
171.903519 200.639511
166.251495 219.532913
171.853302 252.639511
227.484116 78.156776
226.469070 92.916763
197.540604 133.256409
183.570724 158.984818
172.739502 199.357925
167.297104 218.534317
172.288895 251.907654
229.095581 78.069466
228.335312 92.826485
199.399689 132.640808
185.216507 158.440628
174.100189 199.014313
168.283691 217.705460
172.564606 251.279526
230.342880 78.235893
230.358292 92.384636
201.152191 131.973633
186.679871 157.751099
174.940430 197.790985
169.257446 217.277664
172.964142 250.990143
232.225967 78.170860
232.123535 92.345062
202.164459 131.358643
188.142868 157.253281
176.306854 196.908081
170.232803 216.378830
173.200653 250.586731
234.410477 77.770134
234.367661 91.629517
203.743027 130.741028
189.691528 156.684479
177.214294 196.183853
170.982590 215.307922
173.289688 249.870117
236.173645 77.607910
236.441071 91.070137
205.770462 129.744995
191.198013 156.115387
178.433594 195.576920
171.657257 214.681763
173.732513 249.352005
238.208069 77.421555
238.368088 90.930672
207.652985 129.610428
192.928055 155.293182
180.091324 194.252823
172.315018 213.894318
174.223969 248.611649
240.192184 77.415642
240.812943 90.638306
209.295044 129.082642
194.785248 154.641708
181.173386 193.657379
173.025177 213.032700
174.511200 247.863571
242.232071 77.118057
242.708145 90.161758
211.180695 128.223572
196.418243 154.002670
182.528809 192.703690
173.276123 212.219025
174.775635 246.933578
244.205154 76.891739
244.974564 89.899498
213.228287 127.307945
198.348938 153.252609
183.754990 191.067566
173.960388 211.287903
175.177307 245.990585
246.459305 76.891792
247.230255 89.904007
214.995285 126.529472
200.182053 152.465683
185.855042 190.457764
175.077026 210.275986
175.824814 245.165070
249.454666 76.239571
249.870193 89.385040
216.947433 125.901375
202.138245 151.914627
187.282135 189.107880
175.852264 209.369156
176.304947 244.049316
251.863190 76.189873
252.221313 89.150223
219.369171 125.694580
204.061127 150.906708
189.163895 188.787949
177.483170 208.428253
176.828812 243.112930
254.228455 75.983826
254.791153 88.838860
221.538208 125.175880
206.092468 150.700104
190.827072 187.732498
178.781708 207.092865
177.546906 242.002563
257.122803 75.818985
257.273499 88.569412
223.959412 124.509766
208.168945 149.766449
193.761612 186.992889
180.424622 205.942581
178.335068 240.875427
259.582550 75.623245
259.720276 88.296997
226.315430 124.290009
210.076553 149.259949
195.642761 185.888000
181.416168 204.540298
179.165665 239.838501
262.020477 75.390884
262.208557 88.036102
228.669067 123.741348
212.289261 148.480530
197.403519 184.764816
183.263168 203.279434
180.137451 238.615768
264.614532 74.882713
264.736481 87.681046
231.006424 123.109901
214.627274 148.107758
199.342728 184.288269
185.117065 202.255249
181.045929 237.611267
267.396332 74.721863
267.472900 87.486748
233.545212 122.904373
216.935104 147.461319
201.180069 183.453781
187.058578 201.269318
182.052231 236.394577
270.213898 74.436302
270.026398 87.280441
235.863129 122.118683
219.389832 146.819870
203.050751 183.028564
188.781158 200.256943
183.342133 235.391525
272.864288 74.279060
272.827332 87.004631
237.942398 121.582291
221.459381 146.077621
205.250107 182.250443
190.556671 199.289215
184.482147 234.346008
275.289581 73.607353
275.563995 86.752159
240.540970 121.403633
223.983200 145.642731
207.355530 181.570221
192.273590 198.484909
185.875092 233.204865
278.243683 73.349792
278.300659 86.591591
243.253067 120.934380
226.153717 144.822296
209.315277 180.766525
194.126022 197.453156
187.261414 232.107681
281.091125 73.150398
281.044861 86.296021
245.641678 121.092087
228.626129 144.559540
211.542007 180.209442
195.890518 196.677551
188.442596 231.214233
283.738464 72.847862
283.747894 86.004608
248.181686 120.448845
231.062683 143.945770
213.679367 179.340439
197.891068 195.714478
189.913605 229.978012
287.186340 72.563454
286.259308 85.929131
250.346024 119.686783
233.342941 143.033981
215.880035 178.661545
199.577499 194.857529
191.425507 229.260315
289.707733 72.000076
288.984100 85.597481
252.519714 119.488770
235.727097 142.588699
218.101624 177.503479
201.874191 193.789383
193.378143 228.180603
292.141083 72.009605
291.483002 85.613487
255.018967 118.959045
238.084518 142.176956
219.760864 177.300461
203.653656 193.059860
194.915085 227.076218
294.889618 71.802498
294.246490 85.155235
257.776489 119.105659
240.651810 141.701538
221.456772 176.868805
206.053268 192.298218
196.595917 226.334473
297.763000 71.577850
296.995972 85.113243
259.869568 118.298676
242.916626 141.426468
223.132629 176.500793
208.133331 191.479675
198.607056 225.673157
300.182434 71.315125
299.634155 84.825020
262.378723 117.805374
245.411194 141.020767
224.663498 176.429108
210.316788 191.065704
200.716492 225.174545
302.621399 70.988243
302.123322 84.338127
264.745483 117.526466
247.825653 140.442657
226.533997 176.305771
212.420166 190.513031
202.709045 224.625015
305.514191 70.320938
304.866638 84.090347
267.355774 117.675117
250.173721 140.277023
228.413864 176.271011
214.828674 189.957092
204.869034 224.074982
308.039032 70.354027
307.237701 83.922379
269.718201 117.111557
252.540573 139.992722
230.536407 176.250305
217.041946 189.397293
207.693985 223.762329
310.574158 69.974419
309.978516 83.577713
272.147827 117.004005
254.845352 139.577591
232.833252 176.408936
219.591049 189.212769
210.084396 223.776932
313.081207 69.781441
312.468750 83.439217
274.594086 116.859390
257.343140 139.274582
235.235703 176.617004
221.919357 188.950455
212.585800 223.508759
315.486053 69.757736
314.998474 83.140388
277.047516 117.063156
259.794647 139.505951
237.479660 176.561142
224.449417 188.922012
215.442215 223.272034
317.987976 69.461906
317.475037 82.844994
279.572357 116.882629
262.282837 139.134445
239.883514 176.679062
226.914474 188.734238
218.174957 223.501465
320.540253 69.170616
319.864136 82.600044
282.054138 117.057442
264.870972 139.113785
242.454575 176.602402
229.192032 188.765045
221.013031 223.533417
322.779938 69.206879
322.269623 82.615425
284.542175 116.932167
267.341034 138.990173
244.952896 176.919601
231.887299 188.869308
224.036499 223.785202
325.524902 69.162209
324.961700 82.366714
287.091553 117.297287
269.738037 139.266510
247.352859 177.179230
234.256165 189.200989
227.104675 223.953064
327.775879 69.191025
327.302643 82.362625
289.767334 117.344597
272.316132 138.997406
249.657501 177.795624
236.934937 189.532608
230.078232 224.282791
330.528229 68.917557
329.965088 82.106850
292.127960 117.989700
274.713226 139.427658
251.928055 178.083359
239.847473 190.019562
233.251068 224.834030
332.934570 68.867867
332.500763 81.989227
294.629883 118.257973
277.475830 139.399506
253.895752 178.736313
242.419418 190.413773
236.532578 225.460358
335.208588 68.808502
334.798157 81.894371
297.179596 118.217598
279.943298 140.022324
255.733887 179.034760
244.969482 191.275772
239.982483 226.150314
337.667938 68.882896
337.247345 81.656136
299.941803 118.553207
282.573151 140.240707
258.819214 179.800980
247.914871 191.980637
243.733673 227.222046
340.230743 68.817902
339.781738 81.629295
302.301086 119.483765
284.874939 140.240417
261.599854 180.741089
250.620789 192.703171
247.330093 227.929077
342.610046 68.686447
342.135437 81.830688
304.926605 119.478668
287.373322 140.591858
264.301270 181.137070
253.334686 193.398224
250.786896 228.692429
344.857269 69.183792
344.543610 81.899040
307.822723 120.019493
290.074707 141.236542
266.755371 181.917908
256.343323 194.356461
254.577148 229.593948
347.354980 68.920113
347.050537 82.050018
310.192413 120.438583
292.557892 141.531738
269.637421 182.843628
259.173523 195.317703
258.398987 230.786453
349.504761 68.991531
349.560120 81.810928
312.836884 121.008598
295.118652 142.371429
272.498749 183.912582
261.988159 196.390915
262.166656 231.775360
351.857056 69.062729
351.748962 82.003311
315.428253 121.553185
297.943176 142.673660
275.146973 184.886520
264.770294 197.620834
266.194000 232.519760
354.116211 69.069496
354.060547 82.068199
318.164185 122.265167
300.660736 143.566620
278.360535 185.700378
267.896790 198.852158
270.151886 233.338242
356.476440 69.015434
356.558350 82.057060
320.753601 122.804489
303.382446 144.134766
281.285187 186.886093
271.092682 200.112534
274.291626 235.057877
358.887573 69.629181
358.846069 82.309853
323.629852 123.593842
305.935944 144.744736
284.599121 188.236526
273.946899 201.481689
279.188904 236.013092
361.128052 69.635162
361.179474 82.747894
326.048004 124.225136
308.452911 145.885452
287.499786 189.521927
277.435822 202.910400
282.818420 237.198212
363.831573 69.659348
363.545227 83.001480
328.745392 124.962067
311.279358 146.581421
290.659302 190.767883
280.655731 204.338989
287.078186 238.159729
366.161194 69.722473
365.825745 82.879539
331.373199 125.952209
313.866852 147.695663
293.963196 192.129913
283.996490 205.819946
291.304535 239.504089
368.123566 70.112663
368.127441 83.186012
334.375732 126.976143
316.882050 148.648621
297.110779 193.413605
287.437195 207.031235
295.368347 240.647766
370.653809 70.103455
370.333282 83.386818
336.874512 127.700119
319.636810 149.535049
300.689087 194.680161
290.749329 208.740311
300.087494 241.952164
373.174744 70.469963
372.845215 83.949791
340.024597 128.771667
322.484711 150.498444
304.163086 196.292542
294.443542 210.187637
304.529968 243.464035
374.861206 70.898125
374.852570 84.151993
342.552490 129.617325
325.284241 151.533737
307.280762 197.648834
297.689758 211.945358
308.960876 244.591187
377.286560 71.228828
377.106323 84.401329
345.354065 130.631104
328.051788 152.450592
310.796051 199.167221
301.450684 213.378769
313.682648 245.908371
379.314758 71.528618
379.246552 84.970467
348.042145 131.672272
330.978241 153.844177
314.325256 200.535797
305.091522 215.284897
318.375061 247.083923
381.889374 71.928482
381.511505 85.658600
351.103241 132.679993
334.016174 154.702698
318.331268 202.277573
309.161896 217.219742
323.253296 248.361816
383.890137 72.200523
383.737946 86.112305
353.705719 133.736298
336.961121 156.017761
321.848480 203.728683
312.504181 218.561508
328.018066 249.867325
385.664734 72.842102
385.966156 86.676895
356.680237 135.149246
339.794617 157.054047
325.766449 205.274826
316.597565 220.505402
332.790466 251.631653
387.227936 73.113693
387.980499 87.167114
359.444214 135.890076
342.665619 158.416290
329.465942 206.413544
320.170105 222.117462
337.191498 252.548981
389.705109 73.663383
390.291809 87.691841
362.696259 136.962311
345.725403 159.604935
333.562714 208.096649
324.523071 223.841858
341.985870 253.801529
391.563721 74.116867
392.287781 88.179276
365.465118 138.046570
348.790161 160.852798
337.203033 210.063690
328.457855 225.855148
347.472656 255.205765
393.785706 74.314758
394.523499 88.416672
368.396912 139.335861
351.795990 162.099167
341.501953 211.331421
332.538239 227.589706
352.868622 256.375977
395.791718 74.787788
396.507599 88.880783
371.011627 139.926559
354.745392 163.098633
344.883179 212.767960
336.694946 229.487091
357.869934 257.539612
398.435547 75.545090
398.680756 89.671577
374.476898 141.260742
357.947937 163.976959
349.104614 214.053207
340.755432 231.026993
363.319489 258.709381
400.102997 75.800087
400.579559 89.814049
377.596649 142.447815
360.839050 165.389816
352.970245 215.761368
344.713562 232.747269
368.642334 259.863861
402.188019 76.259766
402.444000 90.384911
380.545563 143.830750
363.926178 166.490723
357.285065 217.103668
348.744110 234.708969
374.219910 260.697601
404.105225 76.785728
404.574646 90.802216
383.320801 144.446869
367.173523 167.764771
361.703369 218.631317
353.276001 236.213852
379.625885 262.168060
405.501251 77.189026
406.505524 91.311737
386.427673 145.796478
370.203583 168.911880
365.993744 220.147949
357.472015 238.004181
385.505432 262.632813
408.054291 77.767975
408.562958 91.795723
389.467499 146.290939
373.396027 170.153748
369.982819 221.500885
361.712036 239.355362
390.806427 263.609192
410.039520 77.971886
410.572235 92.026657
392.594360 147.582718
376.649139 171.177582
374.423431 222.818436
366.263855 241.408722
394.758789 264.299225
411.876770 78.756630
412.281769 92.743454
395.587769 148.644592
379.819061 172.260132
378.615784 224.158508
370.861389 242.849442
401.481903 265.229736
413.962616 78.809967
414.175385 92.982758
398.639435 149.604691
383.087860 173.286667
382.955994 225.349594
375.241730 244.167679
406.879669 266.086487
415.775757 79.349869
415.935394 93.434052
401.376556 150.488922
386.031586 174.387268
386.938507 226.915649
380.156952 245.956223
412.399200 266.760254
417.410645 79.806396
417.684296 93.995255
404.434692 151.368362
389.059021 175.214050
391.547974 227.780670
384.906982 247.416153
417.990356 267.593842
419.215729 80.343193
419.425140 94.449272
407.672455 152.168304
392.334381 176.098755
396.075592 228.795792
389.569244 248.470016
423.712097 268.248779
420.942596 80.819817
421.155548 94.982819
410.594025 153.152618
395.414154 177.144196
400.281250 229.232208
394.168915 249.767578
429.191620 268.765106
422.756317 81.042747
422.912811 95.217499
413.469818 153.826965
398.355713 178.088821
404.580109 230.520737
398.366394 251.202133
434.574829 269.552124
424.482666 81.846748
424.685272 95.906143
416.579803 154.611359
401.657318 178.787811
408.614594 231.467590
402.787720 252.356659
440.039032 270.060272
425.825500 82.093315
426.109009 96.210190
419.969452 155.597290
405.128754 179.865280
413.036194 232.220016
407.970795 253.440155
445.392090 270.523163
427.058136 82.848412
427.684509 96.779144
422.865295 156.222366
408.003448 180.519760
417.333679 232.971802
412.433624 254.489029
450.937347 271.064484
428.885590 83.192345
429.548889 97.215027
426.150543 157.090103
411.446747 181.649185
421.561066 233.804489
417.171967 255.713608
456.400299 271.438171
430.602875 83.542641
431.144287 97.728737
429.229950 157.767395
414.578583 182.306488
426.210663 234.578445
422.300110 256.512329
461.844727 271.600494
432.244568 84.050385
432.764740 98.171822
432.553680 158.396500
417.874817 183.001984
429.664825 235.245773
427.314850 256.298798
467.401398 271.870697
433.804535 84.606598
434.305084 98.687805
435.758331 159.274796
420.878479 183.971710
434.045746 235.847565
432.096588 257.186035
472.646149 271.979553
435.241364 84.814796
435.671783 98.910065
438.868439 159.651443
423.964417 184.322403
438.323761 236.132889
436.763153 257.680481
477.905365 272.044464
436.770172 85.064209
437.306030 99.139824
441.934998 160.312744
427.177826 185.026505
442.552521 237.087738
441.437775 258.440002
483.233429 271.972351
438.250366 85.606972
438.848114 99.705971
444.831451 160.597076
430.133759 185.493469
446.667816 237.597427
446.324097 258.937073
488.421417 271.910645
439.803833 86.350853
440.322235 99.983177
448.331421 161.335526
433.365479 185.992477
450.929535 237.730789
450.550110 259.289948
493.608643 271.589417
441.167328 86.080246
441.795868 100.456421
451.233551 161.833694
436.394562 186.314728
455.223694 238.063431
454.973663 259.866760
499.173370 271.014374
442.513489 86.720543
443.067108 100.703499
454.096252 162.121475
439.435547 187.071274
459.278076 238.169037
459.643188 260.201721
503.852417 270.662811
443.837158 86.992943
444.336243 101.163643
457.505463 162.595917
442.451050 187.345825
463.306061 238.525040
463.978271 260.574524
508.647308 270.029572
445.433990 87.408211
445.936554 101.474312
460.236328 162.673569
445.287231 187.702118
466.354919 238.847656
468.147705 260.839539
513.685547 269.534424
446.781067 87.704315
447.427155 101.748871
463.310699 163.230820
448.041931 187.849091
470.583771 239.352753
473.069458 260.926758
518.769165 268.868195
447.880432 87.977646
448.676239 101.971535
466.365570 163.530121
451.040894 188.094498
474.360992 239.202621
477.082489 261.119019
523.441345 268.376190
448.868744 88.232010
449.827454 102.208176
469.212830 163.478348
453.773834 188.249054
477.722626 239.253326
481.374451 261.122559
527.768372 267.793427
450.046204 88.733765
451.201019 102.708107
471.750702 163.857269
456.272064 188.494675
481.357513 239.222809
485.382202 261.605164
532.284302 266.840851
451.078857 88.942902
452.657928 102.828896
474.322876 164.005646
459.176453 188.483124
485.253571 239.195145
489.919800 261.526703
536.577942 266.782806
452.551483 89.248421
453.849609 103.080475
476.932617 163.996109
461.830627 188.772583
488.483032 239.168304
493.918701 261.525055
540.766907 265.964966
454.441681 89.724052
455.411469 103.367668
479.151031 164.033356
464.247375 188.714417
491.972870 239.243530
497.694122 261.348755
544.487671 264.887146
455.201782 89.926781
456.651123 103.565094
481.312073 164.031296
466.813293 188.771866
494.626526 239.045578
501.033112 261.277405
548.187195 264.118683
456.610321 90.060677
457.848267 103.832138
483.458038 164.054993
469.051758 188.703140
498.020691 239.065491
504.666626 261.402557
552.441895 263.428650
457.983551 90.159798
459.332703 103.829239
485.570587 164.086197
471.464569 188.646820
500.546753 238.848450
507.853546 261.096741
555.928528 262.668396
459.074219 90.522285
460.596527 104.142616
487.764435 163.956146
473.696136 188.909531
503.566162 238.931015
511.077148 261.140747
559.014099 262.037354
460.918427 90.692780
462.201965 104.186920
489.887115 164.087097
475.972443 188.791351
506.306244 238.429626
514.007263 261.289185
561.977417 261.822998
462.787994 90.885056
463.923645 104.510620
491.776306 164.091125
478.140442 188.915955
508.801544 238.193054
516.707153 261.133240
564.767151 261.447876
464.537628 91.105499
465.686737 104.751854
493.770599 164.100647
479.929504 188.866669
510.898132 238.366364
519.174683 261.136627
567.709167 261.286072
466.334686 91.038902
467.451874 104.770981
495.700684 164.034790
481.805084 189.055161
512.991516 238.432449
521.214111 261.090210
569.926636 261.365784
468.112030 91.074623
469.192993 104.749931
497.533997 164.547409
483.815002 189.590118
514.537415 238.514084
523.159180 261.368042
571.644348 261.203064
470.031219 91.353996
471.189514 104.986382
499.120575 164.461609
485.606293 189.378479
516.696777 239.262238
524.621643 261.958069
573.617920 261.758362
471.778809 91.622086
472.966125 105.137581
501.089142 165.032669
487.536957 189.827118
518.206848 239.291580
526.149902 261.952484
574.654907 261.821136
473.775757 91.624413
474.966003 105.137733
502.442047 165.015945
488.674500 189.688232
519.741882 239.521606
527.385559 262.103455
575.500183 262.598511
475.500214 91.842186
476.737549 105.363571
503.955811 165.302414
490.360809 190.052353
520.479370 239.769791
528.342712 262.187408
576.680969 263.238678
477.370789 91.813141
478.663635 105.442986
505.269775 165.605194
491.631409 190.364731
521.839050 240.220993
529.400452 262.334656
577.670227 264.205170
478.805481 92.027611
480.154083 105.702560
506.548553 165.824295
492.995239 190.617584
522.744385 240.441254
530.388977 262.697845
578.861145 265.160675
480.306549 92.292458
481.759796 105.920822
507.709595 165.980972
494.150787 190.735413
523.647583 241.125778
531.174316 263.356232
579.667847 265.967773
481.804291 92.563858
483.152679 106.188133
508.590363 166.363327
495.199799 191.410904
524.491882 241.440109
531.674072 263.337677
579.742859 267.127136
483.488831 92.792984
484.759674 106.433060
509.698059 166.397232
496.162537 191.324219
525.586487 241.910767
532.223328 263.887024
580.281372 267.861267
484.793610 92.827629
486.066467 106.680008
510.760681 166.976120
497.165771 191.811981
526.214355 241.939728
532.642822 263.982941
580.760620 268.825531
485.994263 93.326996
487.378967 107.149147
511.947449 167.359207
498.232727 192.017258
527.527344 242.392822
533.024475 264.152527
581.085205 270.067078
487.516876 93.601028
488.894135 107.374413
512.980469 167.802521
498.984924 192.518372
527.470215 242.733368
533.213562 264.250885
581.386780 270.748047
488.572388 93.799408
489.876495 107.648026
513.756836 168.005173
499.757538 192.806931
528.026367 243.381775
533.441650 264.856476
581.637329 271.683594
489.928040 94.059814
491.099365 107.886009
514.641724 168.536789
500.472961 193.287216
528.407654 243.508255
533.721619 265.696350
581.645752 272.456177
491.138062 94.461861
492.055267 108.407692
515.215698 168.782883
501.002197 193.577805
529.013977 243.721100
534.182861 266.074982
581.863647 273.364349
492.418701 94.723595
493.280975 108.680740
515.708984 169.318039
501.522552 193.969055
528.898682 244.013229
534.182861 266.457703
581.779968 274.185577
493.578888 95.033142
494.147888 109.085098
516.379944 169.655655
502.218201 194.198730
529.269409 244.461884
534.157227 266.937103
581.836182 275.312805
494.377563 95.221931
495.180786 109.215866
516.858337 170.017975
502.619751 194.716049
529.127014 245.048462
534.122559 267.287537
581.651184 276.294800
495.418396 95.688957
496.160339 109.716621
517.451477 170.550278
503.240021 195.256561
529.862549 245.426514
534.322449 267.661224
581.242493 277.011963
496.441925 95.928841
497.145020 109.975166
517.935181 170.859055
503.666229 195.470001
529.868652 245.507813
534.294312 268.406342
581.310669 277.873718
497.406525 96.235527
498.222382 110.215355
518.414917 171.416611
504.204559 195.931046
530.147400 246.177567
534.285583 268.436768
581.022034 278.661377
498.442169 96.772293
499.092896 110.782379
518.851563 171.613663
504.385529 196.422592
530.677124 246.394363
534.481445 268.723816
580.771912 279.565765
499.060974 97.034103
499.853424 111.005051
519.680664 171.903915
505.154816 196.681976
531.234436 246.998627
534.723816 268.967468
581.021545 280.036133
500.085754 97.288658
500.849579 111.242188
520.177002 172.352966
505.734955 197.232422
532.113953 247.131454
535.234253 269.042419
581.527222 280.303864
500.789764 97.589996
501.602814 111.469803
520.826477 172.288818
506.449097 197.218582
532.940063 246.993286
536.233032 269.015656
582.642456 280.565887
501.423370 97.793594
502.346436 111.691879
521.540771 172.790466
507.246399 197.641373
533.601807 247.070511
536.949829 269.092285
583.752747 280.206970
502.508972 98.104958
503.339752 112.084114
522.493286 172.828430
508.283173 197.606003
534.311279 247.069733
537.433960 268.914948
584.487671 280.177856
503.391052 97.912453
504.137146 111.977356
523.198120 172.799210
509.032837 197.627792
534.907166 247.098602
537.962891 269.117584
585.196106 279.940765
504.677582 97.920898
505.395477 111.979271
524.209900 172.868378
510.040314 197.541901
535.228516 247.118378
538.185364 269.135590
585.500122 279.861755
505.713348 97.712456
506.365936 111.802017
525.391113 172.803879
511.319733 197.645157
535.588379 247.018387
538.368896 269.042816
585.560364 279.769806
506.597565 97.707794
507.378754 111.825165
526.277466 172.617188
511.858887 197.516495
535.701416 247.072479
538.401611 268.966675
585.544312 279.459290
507.858734 97.442551
508.654968 111.545258
527.099548 172.518097
512.804016 197.531601
535.598450 247.048950
538.382263 269.044037
585.240540 279.572266
509.186371 97.235626
510.018311 111.210670
527.762085 172.634277
513.380859 197.553955
535.624023 247.213058
538.601318 269.236237
585.238281 279.870728
510.269470 96.931252
511.131012 110.985115
528.610718 172.657227
514.068115 197.477921
535.615845 247.134689
538.600952 269.241089
585.217651 279.821930
511.109192 96.660805
512.210327 110.921478
529.168579 172.522232
514.791626 197.553467
535.774414 247.136490
538.600708 269.242432
585.217896 279.822723
511.989929 96.417503
513.055298 110.663231
529.368408 172.347839
515.057739 197.319534
535.848999 247.097137
538.597961 269.242035
585.217285 279.503693
512.732788 96.157242
513.897461 110.368507
529.832458 172.341492
515.560303 197.228958
535.850159 247.107971
538.601929 269.225494
585.245117 279.717133
513.508423 95.891632
514.645752 110.103752
531.064148 172.285461
515.830933 197.169342
535.893677 247.025497
538.390381 268.929535
585.245911 279.720642
513.908691 95.920578
515.026978 110.116165
531.314880 172.105667
516.154663 197.098251
535.945374 247.194351
538.486084 268.979584
585.246338 279.720093
514.564575 95.898819
515.495361 110.137535
531.376160 172.110229
516.389587 197.095413
535.864014 247.112549
538.486633 268.976105
585.261658 279.913086
514.873779 95.688148
516.036865 109.995117
531.673523 172.011368
516.470520 197.016113
536.643860 247.346115
538.472961 268.179840
584.988953 279.885651
515.400085 95.407959
516.539063 109.768242
531.879883 172.038391
516.481079 197.016800
536.633667 247.320663
538.464478 268.215454
584.993652 279.888336
515.942810 95.512070
517.044922 110.005775
532.423645 172.111115
516.486816 197.012985
536.640198 247.461105
538.464966 268.436707
584.995972 279.890137
516.506042 95.414940
517.543396 109.763405
532.812378 172.228714
516.474976 197.031250
536.622742 247.409180
538.466492 268.435242
585.001404 279.892181
517.196533 95.301643
518.042603 109.746368
532.996704 172.257751
516.471252 197.027313
536.647766 247.478012
538.465759 268.436981
584.782898 279.889160
517.727234 95.039597
518.548767 109.484650
533.052307 172.293930
516.488159 197.030502
536.590881 247.444565
538.354370 268.752502
584.789551 279.890045
518.240234 95.047913
519.047119 109.446220
533.196228 172.237015
516.762756 197.036606
536.596191 247.486526
538.352783 268.752716
584.789917 279.889587
518.764954 95.037209
519.549194 109.457443
533.280090 172.044891
517.084778 196.753952
536.720032 247.459839
538.351135 268.752197
584.803650 279.891907
519.279663 94.807655
520.050415 109.187172
533.563660 172.266434
517.344604 196.971649
536.843323 247.430252
538.349548 268.751984
584.569031 279.627899
519.730469 94.818756
520.564087 109.214142
533.770935 172.073624
517.833130 196.630020
536.769409 247.560974
538.320129 268.964600
584.573975 279.628174
520.638733 94.824768
521.567688 109.197739
534.177307 172.009460
518.268799 196.633286
536.821777 247.479950
538.279297 268.829712
584.569458 279.627594
521.208130 94.811462
522.053528 109.178932
535.007935 172.073273
518.813477 196.706985
536.843201 247.456467
538.279785 268.830017
584.574402 279.626251
521.884583 94.498535
522.834534 108.918869
535.116699 172.008362
519.151245 196.709946
537.060303 247.619247
538.503235 269.248932
584.577881 279.625702
522.685913 94.513550
523.610840 108.920464
535.236755 172.018341
519.393860 196.623230
537.070251 247.566345
538.252197 269.147583
584.569214 279.639801
523.100647 94.525505
524.099121 108.924843
535.534424 172.107620
519.756592 196.658325
537.175842 247.442352
538.244141 268.960663
584.566528 279.639984
523.700745 94.493309
524.708313 108.975494
535.922424 172.170609
520.215271 196.888336
537.139954 247.608185
538.240723 269.175537
584.438110 279.639679
524.279053 94.568596
525.491150 109.078339
536.334229 172.303391
520.521851 196.718826
537.258484 247.690002
538.244751 269.154175
584.436646 279.640198
525.038025 94.581566
526.031006 108.943314
536.863708 172.284103
520.760132 196.835037
537.313477 247.673630
538.244446 269.155029
584.435242 279.640930
525.536804 94.550392
526.601501 109.017792
537.213379 172.230118
521.252930 196.862579
537.407227 247.654663
538.236267 268.876892
584.435547 279.640991
526.486572 94.890434
527.189209 109.256424
537.370300 172.334717
521.479126 196.711670
537.462769 247.907547
538.192444 269.199707
584.546509 279.896454
526.924744 94.829811
527.754089 109.353065
537.681335 172.543823
521.634644 197.231659
537.660400 247.994141
538.393921 269.209778
584.543518 279.897034
527.659668 94.835663
528.498230 109.355614
537.935303 172.624435
521.957520 197.127121
537.619751 247.998703
538.393860 269.210022
584.542480 279.897278
528.186279 95.052979
529.013367 109.506020
538.809692 172.710114
522.427551 197.393692
537.643860 248.186630
538.382080 269.548645
584.541687 279.898376
528.976807 95.046997
529.872559 109.472229
539.178650 172.752640
522.698730 197.363098
537.738708 248.081558
538.581970 269.406952
584.540161 279.899750
529.713501 95.065247
530.500610 109.575386
539.439026 173.001892
523.097412 197.706558
537.824585 248.067993
538.582214 269.407166
584.535828 279.898987
530.249329 95.068176
531.001587 109.558990
539.593811 173.007477
523.210938 197.750458
537.806702 248.034515
538.564209 269.425720
584.745605 279.863953
531.002441 95.092148
532.000793 109.787193
540.045898 173.312393
523.881714 197.806305
538.048828 248.064056
538.575500 269.409393
584.748291 279.865234
531.783691 95.099655
532.742188 109.787560
540.959961 173.474213
524.048096 197.775879
538.185425 248.054581
538.575317 269.410278
584.958801 279.849365
532.822144 94.989220
533.474854 109.846909
541.069153 173.299637
524.535645 197.847458
538.729492 248.201965
538.677734 269.363525
584.985229 280.045746
533.320374 94.995979
533.954102 109.850235
541.306030 173.313202
524.949951 197.905807
538.792847 248.150360
539.161499 269.385986
584.985718 280.044861
533.972778 95.070518
534.919861 109.811195
541.919556 173.614197
525.571655 197.863785
539.366028 248.562729
539.208618 269.281311
584.798706 279.994781
534.767883 95.069176
535.662720 109.799919
542.514893 173.753296
525.851501 197.857880
539.351196 248.593185
539.209229 269.280304
584.995422 279.981842
535.427979 95.074921
536.391113 109.882050
543.033386 173.554916
526.472229 197.809967
539.427490 248.602448
539.209229 269.280029
584.993713 279.981232
535.989075 95.091347
537.039429 109.850128
543.177307 173.462448
526.862183 198.047714
539.475403 249.131332
539.152100 269.805054
584.993835 279.981293
536.755920 95.085609
537.804932 109.850838
543.443848 173.711105
527.367126 198.223175
539.551941 249.149857
539.145264 269.829315
584.823669 280.024780
537.586182 95.193336
538.756042 109.850006
543.746033 173.674316
527.866882 198.202682
539.578613 249.152603
539.145081 269.831573
584.815552 280.021271
538.291382 95.366577
539.294250 110.097343
544.091187 173.972992
528.102356 198.399139
539.697815 249.094559
539.143005 269.847687
584.820984 280.023529
538.968811 95.446907
540.043091 110.067947
544.753967 174.136261
528.323792 198.363159
539.691162 249.122299
539.150452 269.834290
584.824402 280.025177
539.521057 95.421761
540.630920 110.203148
545.116394 174.072906
528.831177 198.380157
539.687439 249.127853
539.150330 269.833252
584.830078 280.027832
540.189148 95.477890
541.333496 110.174149
545.258667 174.015381
529.109497 198.448639
539.879150 249.138306
539.145325 269.848175
584.830383 280.027405
541.205811 95.400352
542.056946 110.318886
545.561523 174.112762
529.456665 198.528061
539.964111 249.292587
539.144226 269.849701
584.832458 280.027008
541.741821 95.570641
542.800232 110.314232
545.828125 174.118652
529.698853 198.517410
539.960327 249.289734
539.156189 269.831543
584.833374 280.028503
542.595520 95.444946
543.398193 110.313065
546.470215 173.954544
530.164185 198.518051
540.094849 249.372742
539.157837 269.827820
584.836182 280.029327
543.221619 95.758354
544.065857 110.559616
546.862061 174.010483
530.400818 198.514572
540.094604 249.378082
539.156738 269.827362
584.839783 280.031097
543.992188 95.768776
544.826355 110.542915
547.296936 174.130997
530.949768 198.829361
540.462219 249.404694
539.209351 269.739349
584.840637 280.031403
544.623169 95.463257
545.405884 110.308685
547.440552 173.981323
531.209534 198.556641
540.530457 249.416748
539.217773 269.774353
584.842529 280.032501
545.277954 95.762085
545.932312 110.526871
547.693115 173.942169
531.552979 198.520630
540.531311 249.396881
539.211304 269.780792
584.828186 279.752289
545.759644 95.758926
546.428284 110.562241
547.883362 174.116287
531.771851 198.696121
540.834412 249.388809
539.211792 269.780396
584.631836 279.892303
546.381836 95.777130
547.149536 110.510376
548.167847 174.141113
532.294861 198.723282
540.821655 249.410248
539.211487 269.780914
584.834290 279.882721
546.954163 95.776169
547.746887 110.611969
548.720703 174.209137
532.580566 198.689407
540.859680 249.402451
539.211975 269.780853
584.820984 279.585632
547.435669 95.764893
548.170471 110.609245
549.028076 174.312256
532.572571 198.681549
541.077942 249.444489
539.211792 269.781403
584.820618 279.585388
547.925293 95.778267
548.691528 110.625038
549.229492 174.232300
532.902222 198.867691
541.097229 249.431915
539.211853 269.780548
584.839600 279.817841
548.085327 96.014717
548.976074 110.822594
549.396973 174.190948
533.411133 198.825470
541.233582 249.598938
539.430725 269.802612
584.606445 279.755402
548.672974 95.785408
549.431152 110.598061
549.579285 174.198593
533.704712 198.760422
541.236877 249.556091
539.430786 269.802063
584.838257 279.825623
549.050293 95.756256
550.219666 110.556122
549.658997 174.222488
533.674988 198.823578
541.242249 249.380310
539.371460 269.630432
584.842957 279.828918
549.051392 95.756180
550.498962 110.551895
549.870361 174.241867
533.904297 198.740936
541.265625 249.385651
539.377625 269.614410
584.608948 279.772003
549.929443 95.739525
550.914063 110.797340
550.014587 174.239105
534.138123 198.714539
541.347900 249.395432
539.377747 269.614349
584.320251 279.499420
550.140320 95.765297
551.165344 110.783844
550.273926 174.163071
534.314514 198.721664
541.350403 249.395157
539.377075 269.614136
584.583679 279.488586
550.487183 95.753159
551.635681 110.630104
550.335205 174.201447
534.293579 198.724396
541.378967 249.572601
539.378052 269.619476
584.579773 279.489136
550.715881 95.772385
551.872559 110.597397
550.760986 173.935028
534.572876 198.477676
541.373901 249.463455
539.378418 269.618225
584.605774 279.704437
551.057678 95.806633
552.160522 110.600471
550.861023 174.151703
534.710693 198.723801
541.502502 249.569611
539.640015 269.357941
584.601257 279.706238
551.320435 95.805298
552.404480 110.581642
551.009827 174.201889
534.718201 198.724518
541.502808 249.593887
539.368774 269.376038
584.616455 279.604919
551.295654 95.804634
552.403687 110.582886
551.094604 174.242691
534.714478 198.716431
541.509399 249.567368
539.636658 269.375061
584.611633 279.605164
551.792542 95.818893
552.918457 110.555946
551.312561 174.215424
535.044922 198.748886
541.575562 249.571335
539.639893 269.360016
584.627197 279.814697
552.025879 95.822861
553.160767 110.531960
551.262878 174.189819
535.045410 198.752548
541.514221 249.648361
539.637817 269.359924
584.626343 279.816284
552.279968 95.816795
553.423462 110.527245
551.376099 174.197464
535.321960 198.676559
541.489258 249.488739
539.637390 269.360565
584.632507 279.816345
552.605347 95.800240
553.695313 110.550331
551.509094 174.257614
535.328491 198.687881
541.496216 249.491959
539.592590 269.424347
584.627014 279.815826
552.800354 95.825172
553.918091 110.512886
551.573608 174.269608
535.326477 198.685257
541.549744 249.585922
539.590759 269.418701
584.648804 280.032440
553.052551 95.832146
554.119934 110.490700
551.666809 174.120697
535.547729 198.618805
541.525757 249.559967
539.590698 269.417908
584.647095 280.033783
553.281372 95.843643
554.407959 110.461838
551.858948 174.117371
535.634460 198.633911
541.544189 249.577896
539.591064 269.421661
584.605469 279.831360
553.559692 95.867050
554.756531 110.456673
551.860901 174.120132
535.635193 198.628525
541.546631 249.582794
539.591064 269.419678
584.603882 279.830414
554.028809 95.854263
555.108765 110.478584
551.953003 174.181732
535.797729 198.577942
541.558655 249.588470
539.293701 269.272003
584.621948 280.045929
553.974854 95.905952
555.112610 110.704865
552.148438 174.250351
535.800903 198.563370
541.562439 249.820038
539.280701 269.513977
584.619568 280.048584
554.414124 95.893463
555.650757 110.632713
552.330322 174.084915
535.939148 198.655777
541.544312 249.733627
539.287109 269.453857
584.614197 279.822479
554.429321 95.890182
555.725098 110.643860
552.335144 174.106064
536.100037 198.547119
541.555359 249.806870
539.287659 269.454102
584.617798 279.822601
554.884949 95.915863
556.018127 110.667351
552.587524 174.175842
536.093201 198.539536
541.546021 249.771851
539.287598 269.458344
584.636536 280.039703
555.114929 95.932266
556.267517 110.660278
552.632324 174.192642
536.117554 198.530991
541.569458 249.785568
539.285156 269.465790
584.639099 280.038513
555.316589 95.968277
556.869385 110.869469
553.075500 174.164276
536.517517 198.565475
541.567932 249.776901
539.288086 269.468384
584.331238 279.994446
555.828125 95.933823
557.093811 110.688393
553.229980 174.158310
536.731262 198.665070
541.586243 249.979202
539.271057 269.753296
584.331848 279.999847
556.174988 96.181274
557.340698 110.927475
553.160400 174.126923
536.735718 198.664551
541.571899 249.972443
539.267090 269.750854
584.622864 280.009888
556.399841 96.175095
557.710632 110.972687
553.243652 174.284744
536.947144 198.715424
541.731262 249.820114
539.264893 269.531677
584.335754 279.999481
556.868347 96.119240
557.961121 110.959267
553.485718 174.216797
537.166138 198.686172
541.731567 249.762009
539.262207 269.534668
584.336121 280.003265
557.016113 96.155220
558.197327 110.989578
553.823120 174.360413
537.276855 198.520950
541.966797 249.970154
539.256714 269.548889
584.647827 280.197723
557.304077 96.175133
558.471863 110.978050
553.788940 174.521103
537.450745 198.489136
542.034302 249.825546
539.256409 269.551514
584.648987 280.197327
557.830322 95.984299
558.796692 111.009171
553.911255 174.386902
537.407654 198.685944
543.222107 250.386322
539.459229 268.877045
584.606750 280.193268
558.057739 95.992981
559.037720 110.982361
554.089539 174.409866
537.705994 198.622284
544.869568 251.162643
539.274597 269.005402
584.609680 280.188995
558.499207 95.970467
559.422852 111.038589
554.647644 174.528610
537.765808 198.666916
545.381897 251.102203
539.290955 269.025574
584.613892 280.183899
558.684570 96.018852
559.609375 111.063354
555.055786 174.768661
537.866394 198.692871
545.416931 250.995636
539.288696 269.028442
584.610718 280.413574
558.953369 96.241165
559.983826 111.172081
556.684448 176.336487
537.903015 198.739182
545.295410 251.482986
539.285095 269.028381
584.617371 280.418549
559.258850 96.250488
560.278809 111.205742
557.907349 179.204498
537.954468 198.738419
545.306885 251.201859
539.287109 269.032349
584.807312 280.774384
559.487488 96.307854
560.717773 111.206253
558.501709 180.239594
538.124573 198.748581
545.277832 251.611374
539.289795 268.996338
584.634949 281.073669
559.411621 96.049438
560.715332 111.008110
558.722473 180.319092
538.239807 198.876419
545.241882 251.382080
539.292297 268.995361
584.526672 280.897888
559.799927 96.317101
561.059631 111.125191
558.660583 180.283920
538.447754 198.690811
545.267761 251.406097
539.287903 268.992981
584.686157 281.268158
560.001587 96.388901
561.359253 111.206558
558.537354 180.214203
538.228699 198.907791
545.891724 253.134689
539.343140 268.970886
584.685059 281.507416
560.235535 96.502251
561.616760 111.212051
558.773010 180.138763
538.310913 199.028671
546.349548 253.596054
539.350098 268.983765
584.651733 281.717743
560.793518 96.490952
561.893555 111.277336
558.769409 180.138092
538.407532 198.999634
546.291748 254.049057
539.349121 268.979156
584.880310 282.044373
560.897644 96.531425
562.295227 111.215454
558.750793 180.085587
538.391174 198.950790
546.805054 253.879669
539.349548 268.968292
584.695068 282.040009
561.208496 96.515335
562.610596 111.211166
558.915100 179.931244
538.560913 198.633560
547.344299 253.347870
539.347717 268.670624
584.723938 282.057190
561.726440 96.509682
562.903625 111.278160
559.247253 180.096588
538.675720 198.984238
547.240662 252.980728
539.340393 268.679047
584.639038 282.398560
561.943726 96.526062
563.360962 111.223137
559.409912 180.212402
538.741577 198.933273
547.536438 252.660019
539.346069 268.931152
584.729187 282.237762
562.186890 96.738670
563.631897 111.449730
559.622559 180.343735
538.805298 199.075272
547.205261 253.494888
539.334656 268.722656
584.730042 282.448944
562.630737 96.713669
564.079529 111.526756
559.868652 179.788742
539.201660 198.821304
546.049622 255.167801
539.333252 268.721405
584.862671 282.693573
563.117615 96.712242
564.581604 111.551926
559.843689 177.570724
539.394836 198.761505
545.789917 257.416870
539.334045 268.723022
584.852783 282.677490
563.385864 96.732361
564.952515 111.606644
560.024597 174.544434
539.422974 198.747711
545.749512 257.503113
539.335327 268.736023
584.874207 283.265472
563.891907 96.732567
565.432922 111.630127
560.382690 173.985336
539.749023 198.792236
545.941711 257.230988
539.335815 268.736633
585.025146 282.970306
564.227722 96.692238
565.603638 111.541733
560.597656 174.288452
540.027954 198.738617
545.733276 257.610779
539.329346 268.769287
585.033325 283.184143
564.691833 96.730324
566.193420 111.576942
560.820740 174.301300
540.229309 198.925644
546.092285 257.600403
539.309082 269.035309
584.952576 283.447784
565.470825 96.795189
566.567932 111.765350
561.162964 174.848694
540.493469 198.817184
546.038757 257.665009
539.308167 269.034271
584.916870 283.535278
566.035339 96.594078
567.177429 111.465744
561.534302 174.474731
540.711670 198.923233
546.074768 257.573151
539.532227 268.986755
585.132385 283.505737
566.474243 96.812225
567.567627 111.759811
561.634705 174.636520
540.902832 198.939514
546.058533 257.264648
539.533203 268.959198
585.128357 283.506165
566.958008 96.901215
568.192261 111.704819
561.891235 174.647369
541.164246 198.877747
546.068665 257.171997
539.530945 268.955475
585.127747 283.507141
567.463074 97.074554
568.594727 111.976601
562.119812 174.703537
541.309509 198.986481
546.010620 257.285706
539.530579 268.955231
584.963135 283.713165
567.845215 97.063339
569.188782 111.890121
562.411194 175.051544
541.567993 198.935669
546.016174 257.180176
539.519592 268.977600
584.966797 283.709412
568.076538 97.049232
569.714844 111.886276
562.668518 175.489700
542.017151 198.998291
546.169556 257.748230
539.628235 269.214050
585.009033 284.050323
